parameter,value
function,WFG6
dimension,24
population_size,120
max_generation,20000
parent_size,25
child_size,95
seed,2
constraint,0
mutation_rate,0
learning_rate,0.0020833333333333333
M,2
k,4
l,20

snapshot_generation_5400
index,x0,x1,x2,x3,x4,x5,x6,x7,x8,x9,x10,x11,x12,x13,x14,x15,x16,x17,x18,x19,x20,x21,x22,x23,f0,f1,rank,crowding_distance,constraint_violation,evaluated
0,0,0,0,0,4.824535723965222,5.5812369654000964,6.7260898027131359,7.5910437116804621,8.6048688755900482,9.1478211760120089,10.459383012172236,11.042487253983943,12.660287080529764,13.261968412928402,8.6555904453453305,8.9956568896577256,15.807074958781042,16.404665348280542,17.731346215675973,11.451810088986718,20.08665273297369,20.728215302359242,21.852947465904908,23.065246376914775,0.046102485228821752,4.0461024852288219,0,inf,0,1
1,2,4,0,0,4.7399093309086302,5.5734949725018916,6.9169132687922419,7.5867336468006119,8.4144398669967675,9.6215107137190063,10.299801582884049,10.740503618528599,12.621743714457827,13.143463288853825,8.4970167600185231,9.1642455789089201,15.916890242417473,16.360719711190672,17.76326625330498,11.441232650306597,20.034862306321056,21.048854173083214,22.116429466336683,22.852916054759138,2.0492177556453095,0.049217755645309634,0,inf,0,1
2,0,0.72431807310451934,1.0861865536600663,0,4.7712009655786067,5.6655933235730735,6.9306710145582171,7.8458473508508195,8.5128473256488419,9.1291531148398359,10.308243234247957,10.855686000012717,12.61913968736021,13.610858199528868,8.6198145202168561,9.0908251146504178,15.673454417246123,16.836191716864196,17.960538499719551,10.921097645215609,20.223996394155328,20.597666563954018,21.651202612900917,22.927905455188029,0.61667403933060738,3.8947821819941413,0,0.054091654275345763,0,1
3,1.984821514590339,3.9804234534953777,0,1.2481426223318766,4.7341674679162766,5.5794281165555617,6.9009059094076362,7.561825037646007,8.5510515619377969,9.4565839188410195,10.300921361830808,11.25266774749563,12.47426820194274,13.151855859520355,8.2650989066192562,8.9361982827022111,15.991323605242233,16.804498479480369,18.136790799733863,11.347898490042763,19.932261582635569,20.772851425572071,22.13862144867603,23.456536647844015,2.0412318760555093,0.17618650600636526,0,0.052241758923958319,0,1
4,0,0,0.21625227180101969,0.077372707939548327,4.7930730265785773,5.5115377769770753,6.8210915329350854,7.6110461560410405,8.5306001042277604,9.2462815986443481,10.350892547678377,11.131575757958064,12.550134329709341,13.160396775241233,8.5217178018972177,8.9888994656487835,15.522784148890624,16.72798579576542,17.812230962397287,11.48255309862539,19.850099491209853,20.707532534097748,21.662901280520586,23.17031340175263,0.13212205576457109,4.03987044781866,0,0.046690297589368851,0,1
5,2,3.5541266518539305,0.1851275757691635,0.67425329395614453,4.7261076098420007,5.5946963595682657,6.8536188157171196,7.5181729760173281,8.6441036147414003,9.3951816084499189,10.309106610930334,11.269915033291149,12.615142090109963,13.15418524582905,8.4382048747953693,8.9882890253078962,16.379848955216769,16.677668118351857,17.626209012876721,11.253458078450667,19.613046383490239,20.60177817667282,22.283375281843838,23.377151759354255,2.0363034604430652,0.40391340605819004,0,0.044988581551622386,0,1
6,0,0.063312295390435161,0,0,4.7011455781558809,5.604910581349503,6.8653934581789393,7.5111468392613103,8.4663004864997013,9.5402966588761835,10.272214969726495,11.200721192429677,12.664977238836562,13.316736700872882,8.461816079065148,9.0276957966708995,15.515953374632643,16.591197399440091,17.838871479266924,11.379340136087094,19.95103338800612,20.92194422971567,22.052747625925786,23.517837979354884,0.080341961169399012,4.0449301914389277,0,0.044502119604684344,0,1
7,1.1826117758924752,0.067158148352494826,0,0.90024468496200638,4.7690173561944489,5.7385465612494739,6.6633837648164356,7.7051863303756951,8.7564648128374767,8.929457085649176,10.348658645611208,11.359824328489042,12.708822149315246,13.580883183548297,8.4924688772146553,8.9922332473693771,16.141668292547706,16.767085865552506,18.107987272977031,11.271253532264867,20.051097722690216,20.282012777523349,22.216345869726165,23.556506043414242,1.3374510313594086,3.1060586761175646,0,0.044064128401533911,0,1
8,0.98291471880104309,2.8529118611415272,0.83120319964281464,0.71556545779389824,4.6918296061323153,5.6827653451319522,6.8949735842264444,7.5878802697365044,8.6701025413799417,9.3504075798330515,10.417824444805484,11.70545687646921,12.520357760091226,13.143173407870473,8.3017736052832554,9.0408276786341357,16.204316163429965,16.840090118590059,18.183611369507826,11.227041494093102,20.290281923652724,20.530554144326633,22.113946906518365,24.083486412183653,1.6429776262324491,2.4582742389032504,0,0.043567589498024542,0,1
9,1.5880117098298638,0.025614270792297614,0.19506569500505955,0.71657532093940857,4.7080773636940609,5.7257696689239843,6.8651130995808254,7.7306781813426113,8.5483450772630878,9.2554532318376879,10.306161122414412,11.209589682007643,12.68469238593201,13.185044108064751,8.6241120852497488,9.0018252537999786,15.685990572601435,16.864444209179386,17.365133822786991,11.415150563857653,19.872171774489271,20.401406059394979,22.05504698557662,23.229464430537515,1.620293783941567,2.517622167763701,0,0.043330863726008348,0,1
10,1.4343024311098118,3.4959967268942167,1.9957748823905244,0.46143505384205835,4.7281448572774716,5.5205808231392925,6.8835625472962638,7.5549245044500566,8.6952562746438584,9.5285264342249629,10.106730147733515,11.125322320174343,12.550632595533422,13.144423717615492,8.4018995337223679,9.0087478323482948,16.207249037096183,16.655906239659075,17.911243211849115,11.681761907412328,20.163843080713992,21.282691138865847,22.123865532225061,23.500810535053404,1.9156976748204313,1.4947666119319996,0,0.043135511748820729,0,1
11,1.426988332759483,1.9720449034810925,0.4609952593425562,0.17281433061296148,4.7458820433784341,5.5438526148835621,6.9777778363465544,7.6133705530770008,8.618481269566109,9.1732078740708491,10.437624641537239,11.566551189579647,12.47514694037158,13.180721956135416,8.5074674490577546,9.1665917973192723,16.392490446303885,17.147170959212826,17.681887280971988,11.141052065815845,19.768196961605234,19.981668511339656,21.738284405827141,23.485430435201781,1.720276380864094,2.2526693003630589,0,0.041639946544428055,0,1
12,1.2455798378499181,0.16279275809774513,0.31578752451572373,0.60197199594212392,4.8159307448915545,5.6913691339742689,6.734791922202942,7.6543833986419756,8.6227559534691274,9.0916331653097,10.111121078830191,11.372219404805959,12.627309632257449,13.189479626784944,8.4053525539130227,8.9656256353838018,16.023741756544094,16.93959712510296,17.465721845753372,11.375453423195728,19.79204606731923,20.117301376071271,21.767641389884961,23.375612717480678,1.3047151257822851,3.1573353791066343,0,0.040929514544871481,0,1
13,0.47506145810144573,0,0.54218068595868019,1.0724712221669925,4.7809411680861604,5.4649366641537771,6.7509080855616537,7.5467541233048951,8.5436311408067986,9.0823714097822279,10.321351188449215,11.283309313376298,12.565793060131975,13.691824751240087,8.4061171482173886,9.1046994716787726,15.573345869419997,16.802064071414659,17.933029150707526,11.270284307284928,19.324916133767903,20.723987382330158,21.603959093540205,23.609301387191426,0.66131824863758126,3.86004088665171,0,0.040776467258424445,0,1
14,0,0.17115991026844507,0,0.25275999021190021,4.8218608494927278,5.6383355545507978,6.6720512734853417,7.6604025096513304,8.5664255677471317,9.0761726333674257,10.43599453089649,11.441018561638094,12.629426296437858,12.846570991849545,8.4297127979172934,9.1406359398170629,15.928323352425686,16.525049096515328,17.84820125191937,11.278800538821015,19.800520359112774,20.187961783396151,21.652922055984824,23.515153631397251,0.17132511050392299,4.0398562581905573,0,0.040643530806573076,0,1
15,0.64961774037180864,0.14091068420631747,0,0.96266042216787873,4.7848835385629105,5.5794750619188473,6.8280844813251385,7.5241947436721821,8.5792101412241379,9.1028374981707767,10.431679169952439,11.190160649421623,12.641751012519972,13.842331154239719,8.6336553420093214,9.1304893888850529,16.042575722761164,16.838880085352223,17.791033365418286,11.329078814191597,19.989187350561409,20.208763020031078,21.973342912560469,23.126376763185476,0.84275097409602751,3.7197791443506434,0,0.040096319678998307,0,1
16,1.4817601934876365,0.29768323852015655,0.27111858506545972,0.74501652685600972,4.7352530333507685,5.7221085499917645,6.821678421722118,7.6481279099055639,8.5790217614866773,9.2773825151674867,10.334790679249226,11.429330882688994,12.61906375603014,13.009481905121341,8.532037152822415,8.832546245271983,15.740299443340332,16.789413099732293,17.584246873281014,11.462023765835717,20.034459611210302,20.614616521650404,22.100752993417068,23.62739483249203,1.4973062809879645,2.8009688867563347,0,0.0400420023731234,0,1
17,1.7234053567101466,2.3384071837845668,0.34042473142151775,2.4040570448065481,4.7620862679822791,5.5324569965926971,6.7598867111719523,7.5084354617773812,8.4545796146998207,9.366505801569506,10.296477694089024,11.067636827341,12.682711034829289,13.243275676064215,8.4270236868902924,9.2507444073490586,15.642958432071303,16.628138168712461,17.55951378744339,11.522691508224176,19.435155046931772,20.15883216664362,21.846968330476049,22.876444095015582,1.8536825886829744,1.7460713514036792,0,0.039728163179394912,0,1
18,0,0.27399287693477958,0.092642871264739315,0,4.7905749262666193,5.6080911460131384,6.8527476355908643,7.6462572199093577,8.4633493723787812,9.3502416109725122,10.22070300714719,11.11100624711978,12.641455374809505,12.973180964995713,8.5265631187329625,9.1067898995190397,15.72211880738732,16.724284706401679,17.542919822737279,11.325397860993117,19.914473634622475,20.29757637262734,21.643877215166345,22.99462304710789,0.20854196297768707,4.0299062069646476,0,0.039662936918781935,0,1
19,1.0902178528201381,1.9991218829870372,0,1.9735958904228932,4.8150947444494552,5.6115271074456521,6.8925521164569883,7.6141474793141644,8.3483550479724649,9.3695180120163908,10.322527012239339,10.744477867019757,12.44453448568686,13.470746521758032,8.3388396637467057,8.9749566166053665,16.269962310654002,16.549848964889641,17.930747541652867,11.313869853317719,19.755679305411633,21.130378910419186,22.271021884352582,23.027313984886945,1.4783012809843061,2.8468471647682798,0,0.039585038743259145,0,1
20,0.95449713568463623,0.42581818425823226,0.73212749544474265,1.5259080029740399,4.8529955199913273,5.7520285175308672,6.7040797985161902,7.7232163216061487,8.4790781628398211,9.0084913621685878,10.437059926998154,11.197729443032168,12.647283393402612,13.363651640987845,8.5231282862283706,9.1608027757062356,15.764602809080497,16.460383165517701,17.848882805699049,11.264724311346077,20.417451038919868,20.386337172693914,21.584622518401275,23.375363417709508,1.0301506991828426,3.5378566166622916,0,0.039068875152685284,0,1
21,0.39075032416850597,3.0903394953062722,2.1163350729428774,1.9050383206672759,4.7907607511207395,5.5258602404353683,6.7849895512521972,7.7329225203449692,8.4217155697630623,9.2431243291181993,10.377288781560384,10.850097834566784,12.630347108297338,13.023087547643918,8.5594387502022791,9.1761036248455898,15.628576814121805,16.599772853218788,18.129990304322568,11.440688318470389,19.675989914170778,20.469484776990544,21.887984290815385,22.756303728148506,1.5156836331546046,2.7613941887491724,0,0.038695435946558644,0,1
22,1.642558584324241,3.3315836932772798,0,1.3270662522540084,4.7849910192124803,5.5607077032736765,6.9881198072539972,7.6074637313794709,8.468098240723851,9.3301761749995951,10.426646663373564,11.208106019276707,12.333175468280638,13.332916926283445,8.3371725272070396,9.0194693016257137,16.072448168861452,16.834032236106925,17.932217568822843,11.346084599672936,20.143743053545307,20.953961251015212,21.778924996977945,23.489382816456992,1.9567844826339533,1.2018087040120373,0,0.038662769190482726,0,1
23,1.4141435575495538,2.7711435448074475,0.56001320238444696,1.2571364563324299,4.7173978690706262,5.6701366910530773,6.7111779784843426,7.5844694116017495,8.4988606511694513,9.3450745123061409,10.32874233522891,11.106295184105827,12.654413278905558,13.418522736775058,8.1565565179198867,9.2030100982461924,16.021696817131804,16.590922793178933,18.284106254234576,11.340501603768365,19.516912134314527,20.257682350530477,22.466627956930051,23.212110557642905,1.7382233717744406,2.1900510197127638,0,0.038627698291980928,0,1
24,0.25964883912148368,4,1.7968444995405861,0.044376668426120702,4.7436263596371386,5.5598196289266442,6.7827191680156664,7.5537009402000788,8.5974401048274789,9.4308673922754949,10.390674468169044,11.216471471912261,12.782953590625992,12.787107125950962,8.7292144479317848,8.9987237060625525,15.911292798423597,16.493058456249674,18.224943975707255,11.393692013473842,20.156181421320099,20.422743766274237,22.273605875118875,23.154556009753627,1.9244830428414215,1.4389491399981049,0,0.038291979109079895,0,1
25,1.6410905241551004,1.9280416935548874,0,0.74336402045259042,4.6929446362457083,5.5979256960900381,6.9845469251917738,7.4948642852403218,8.4108546851590624,9.474525233829171,10.800963854847941,11.410643838705225,12.415396797857905,13.148075354407545,8.4209608600744446,9.0901279098665064,15.931537401931577,16.592608664305232,17.90263409412184,11.3943500774275,19.997690624778464,20.745961666949217,22.215349832877621,23.60518527221377,1.8426525963354596,1.8085123598526964,0,0.03825563374869724,0,1
26,1.7207922320090554,0,0,0.040923265498346295,4.7461226909771437,5.5738162371665299,7.0713120648428838,7.5821291524385881,8.4907117849318237,9.4101698627703829,10.195565816499672,11.047458705080281,12.319350696929487,13.947115556980016,8.1153506499940367,9.1600282284407921,16.359513571244332,17.027958115932076,17.896548375384427,11.057428356988181,19.982894053900836,20.929762286367843,21.806379549730728,23.408489038724611,1.680356496499205,2.387034858026361,0,0.038117942898393792,0,1
27,1.0680268145976195,3.6968015501067102,0.4317254982696862,0,4.7878092316120551,5.5687859495691221,6.8078718629836716,7.5558652539307953,8.561181797268608,9.3043573588546646,10.326762791253202,10.847531227680259,12.609744995373134,13.525979452124746,8.4288991045826691,9.1371515242676207,15.90318952319668,16.756759342846966,17.917418776740803,11.594755528002873,20.039719946918716,20.114658208688464,22.088068470788578,22.461129513617589,1.9496512965340271,1.2839614271037041,0,0.037885102430231431,0,1
28,1.5131619213191574,3.7805825866510192,0.46570139965445106,0,4.7899815042581855,5.5333194571111166,6.8292032437386752,7.571934321379767,8.5132430540083615,9.4411611551252275,10.19734867655615,11.231463771118548,12.658891918784814,12.760903657045386,8.5176957676601397,9.1711624921124262,15.999234555670911,16.655165054953436,17.909346216553672,11.423665314302623,20.02287503978943,20.284211630928123,21.767170987177938,23.159411429531097,2.0097662712717823,0.78921119723637223,0,0.037756921743916289,0,1
29,1.0946925777701508,0,0.031822800502481291,0.57195364098349188,4.7197698581589957,5.5075179089885804,6.81739949490205,7.3959352412588446,8.4823848046099339,9.628941928939339,9.9502234714310411,11.180375922376212,12.616282018419497,13.521839017870487,8.2540913120857784,8.9046940056479613,15.048351038338208,16.633169284581694,17.525695491192689,11.533130114535696,19.630410648045341,21.502419864235762,21.644609717195305,23.775378264428685,1.2487853558628605,3.2839261757056986,0,0.037714441633414482,0,1
30,2,2.61230661395913,0.88061660508489592,3.1384786377395151,4.6591619297595379,5.7951320185669886,6.7619669276135008,7.7155581757794316,8.9667171804592556,9.1466244866796167,10.199045694884081,11.267996239006283,12.72665709441875,13.721262912703935,8.3296971820046899,8.9011410906228132,16.524940053580924,16.92431381338,18.242664229764816,11.166864574736895,20.115977238612889,20.378891799824807,22.787318982209165,23.429016441661005,1.9399163337474246,1.3900423077176223,0,0.037571816931347105,0,1
31,0.13629595781762655,0.71452189736022786,0.77843859255851733,0.13604984157121514,4.7645547789482574,5.6624633288346491,6.8189220134028652,7.6994786675566536,8.6756410598150282,9.021953943812278,10.877090544339733,11.369801091119518,12.52838531817282,13.142576982770665,8.5842879479627623,9.0532514410599809,15.943000432677175,16.569746046941003,18.106288834612059,11.205695032659467,20.362340958777242,20.25787887571067,21.94284134221294,23.260331925909128,0.51350188329218716,3.9422082357199595,0,0.037565861655520734,0,1
32,2,3.2780782876988845,0.2198095101223462,2.4006044683540448,4.7702302950133708,5.6597346887474398,6.7744828143054674,7.6147078633058154,8.5596456201306097,9.2397474226144389,10.562293995350366,11.125349987342263,12.559083647402403,13.126240683081283,8.4599678489734274,9.0402570256011074,16.402032181059205,16.360216409091638,17.779783605757885,11.416433797280307,19.80317158441262,20.853070712795184,22.376971976611877,23.363049441229954,2.0193307985822471,0.68623863793218864,0,0.037097301525338661,0,1
33,0,1.9472717256501326,0,0.23571686020400029,4.732375269700416,5.6239401546550809,6.7547945970594183,7.5118277279066348,8.5020291342381853,9.4198171987347958,10.397383102660212,11.284510784105585,12.622139216084719,13.152838724453696,8.327285306799844,9.1776287948206505,15.807214018293864,16.440494355087058,17.775042582951905,11.568449438253259,19.836429969629084,20.655054273309371,22.057496385627779,23.518936902096183,1.0871403999113218,3.4550169823651515,0,0.036942569976498377,0,1
34,0.6625247808363004,2.5886897473537349,2.1185009445931842,0.6992595357820629,4.7253745579584789,5.4704529551842027,6.7255406511190801,7.4270216985858122,8.6502219653957635,9.3872732603317974,10.361592083672853,11.474781628064139,12.743982058428966,12.917622317214803,8.5449946043070728,8.9936914160009636,15.88176547741103,16.591630382008191,18.134910258875294,11.314815454554262,19.494814189864567,20.406402312157528,22.179163576158434,23.543922256217204,1.4229416679355258,2.9557677097903876,0,0.036747369806264481,0,1
35,0.73591128352513424,1.9364354627560409,2.1416027554838193,0.88236181525169644,4.8649466756648048,5.5556983557091177,6.9769429945491108,7.5176865892490889,8.4878899109362607,9.2253848672459053,10.179209487308462,11.24433330797317,12.38867634939262,13.484679548286937,8.3505690961823742,9.2054883410106232,16.214574397473186,17.15097896670628,17.013829967584389,11.415944328041864,20.040498729277729,19.910805988030837,21.184467431025748,22.91758161286765,1.1229120303242877,3.438061966183509,0,0.036549008437128661,0,1
36,1.6767222869362031,0.52821821371543931,0,1.0341229273565429,4.7681827544825017,5.7697665187206315,6.843634311728926,7.580128233364297,8.6555846788215423,9.3642537939665242,10.532370396570085,11.315934940302812,12.530901651393721,13.044074030126676,8.365470366017437,8.8662250892502161,16.24681756910319,16.480216477657301,17.920149330302038,11.321739501985791,20.655567865018003,20.607706680279321,22.269367092226677,23.381800821169399,1.6888737348285163,2.3279744432315708,0,0.036532836534362949,0,1
37,0.71741119782272977,2.8600552637495,0.74123034731459847,0,4.6618335266215096,5.5490334564689272,6.9668174006047678,7.5429568802066438,8.7033529704154553,9.4213989579656232,10.311354408837063,11.233548551068459,12.524631107175384,13.623087762324293,8.2716103326837711,9.1021541596241118,15.677020893329601,17.164838765098995,17.892508833141811,11.361349450307126,19.976009025218719,20.111578429271621,21.93624423804452,22.968249219345818,1.659704749097632,2.4221255875994272,0,0.036484095736801017,0,1
38,1.3469317090171695,0.092863097554317514,0,0.57284395312001579,4.7305787258021006,5.5675214060374199,6.8134058193145757,7.5747308025291398,8.6862823262779685,9.2573168961964676,10.545378254933405,11.012462181278035,12.578184792759235,13.784446698009022,8.4716154301755964,9.1295359970409447,15.86838743088035,16.493547635038059,18.377729043364727,11.512741495156595,20.461932416862204,20.993030408937148,22.166090251861178,23.244325245271042,1.4445554895011177,2.9213489752206199,0,0.036269310648123901,0,1
39,0.25720056849480089,2.9890950820218087,1.0459190083169947,0.4635267300928419,4.6975969256751924,5.4370484765520475,6.9849490297206227,7.4506710582521922,8.5573632556737174,9.6101787671769401,10.106813916789434,11.314773272185082,12.55353439954165,13.278653661945285,8.391282371741525,9.1374556091516457,15.827472311108036,17.144510405970525,18.121247364250632,11.578000868415227,20.021682460729352,20.323191398960986,21.93498520651541,23.252930977019549,1.5372082402915463,2.7259254402160535,0,0.036067152127276111,0,1
40,1.8394698480898961,0.92422566572114284,0.57239970587136835,0.88915078675026038,4.6896785981945346,5.6448368874981272,6.6228981782827736,7.4880872125105808,8.5722414382562455,9.4182840196606659,10.373692679792139,11.03480693749151,12.758641408464534,13.501615979317689,8.2501082870117983,9.0348317803864564,15.049574863251481,16.354028019351329,17.91426730900778,11.589019979859057,19.645403849722712,20.662879531457101,22.225502427956197,23.118182298933103,1.7655437961685811,2.1200353260229781,0,0.035778296286595943,0,1
41,2,4,0,0.56504086287140565,4.791368361655584,5.7102364055090185,6.9529182845601785,7.6133126112011311,8.6099250102910734,9.2790962486294255,10.431764731333832,11.175634679046805,12.433925440078598,13.25439343996131,8.3831522313934119,8.7901094511451738,16.274303997069513,16.884265428661173,17.58186494022284,11.179033004845593,20.242432908359945,20.386058450303985,22.086398233660052,23.002625346438503,2.0450563979228207,0.089556780918944104,0,0.035753658157205527,0,1
42,0,2.4719444727807769,1.3067811993181382,0,4.8476289017730458,5.6056058375504367,6.7378580498692306,7.2763987880982128,8.5816465225307219,9.4426689073134096,10.393450049019878,11.141684916474567,12.66824454287735,13.344454914892053,8.2869742258402521,9.1629760469298578,15.902394279386014,16.423415819415684,17.414984214584734,11.339457747818182,20.252259662501125,19.604912964026813,21.65498882738698,22.476643050449617,1.4632736437043623,2.8912792330367121,0,0.035486624548604628,0,1
43,0.60926596455941417,1.2047313385464034,0.50774121313767129,0.95212592869389678,4.894878127544394,5.7849047687860127,6.6904309397757329,7.4587545146501304,8.5548153383763825,9.2106659157120205,10.266154142675898,11.447706951575976,12.60639669185823,13.166194678217941,8.4895434843686193,8.7783043752223744,16.582195806495445,16.607795298335475,17.987009570844037,11.736222617931739,20.793811070086949,20.316486069403087,22.427301280319369,23.570692014323299,0.82108834128726038,3.7545041387231493,0,0.035229953088666041,0,1
44,2,3.7507748616726446,0.043856513080051299,1.3409077608707995,4.7444429766560603,5.6676998392601865,6.8926430128597769,7.5076849702155721,8.3967957710306056,9.4740107857635181,10.510143174901657,11.185422577884868,12.446325967054948,13.174091003443499,8.2461302180543559,8.9848133711744467,15.984089437403581,16.622988557294523,17.640566366210013,11.465276800605432,19.777811712068885,20.608195303053762,22.273541499039862,23.246282212144184,2.0410736041479662,0.29041406413401422,0,0.034648908598208274,0,1
45,1.3878443762648187,2.5971515311564533,0.47208820883311076,1.5777281558623637,4.7154777924139593,5.5735818095122269,7.0471790592838053,7.6453304181820947,8.4809880159274496,9.4201525792599945,10.429204604508552,11.092910897951249,12.349760133914602,13.573630938707232,8.3118915161718601,9.0903770795977827,15.792086348638721,16.923492200506022,18.079571773251576,11.413964592031313,20.30685178571872,21.004495168241814,21.875980576045134,23.358694862909829,1.7037433565230751,2.2876819269725726,0,0.034517863507953148,0,1
46,0,1.0574437884023755,2.7147680654971982,0,4.7544114112151616,5.4865742923796228,6.8601049742438578,7.5134850699551299,8.7336393673651305,9.269382451438787,10.34326615985303,11.333342763189606,12.580628252111833,13.008646598914451,8.4254474347067916,9.0670081790006947,15.817214770083554,17.18530816582842,17.471953121929158,11.441333136042788,19.630909379746299,19.31476058449439,21.687065146847594,22.494195563002521,1.2168267144091218,3.3020283679308906,0,0.034354451060551294,0,1
47,0.18780978219161071,1.0388608859444859,2.2735191183550403,0,4.6448052473188621,5.4851364831761256,6.9432071030227798,7.3928091881636711,8.4472114753227867,9.5928091487813933,10.381196799644799,11.617789933658072,12.658122280519887,13.238139420658607,8.5441312605023452,9.2464012139501097,16.040302479874839,16.690068104421776,17.954868163267463,11.218392608407836,19.568662750817772,20.802070339409624,22.140824247413217,24.164681442527158,1.0555278856513399,3.5170809335257252,0,0.034334072013505315,0,1
48,1.400224432313653,3.6551971795698566,1.5375304273685135,4.6295882197149227,4.8269959775760745,5.5346733101621624,6.9102979131153504,7.5972938842626885,8.4502725675294901,9.120474495949404,10.494684182955838,11.372501283306885,12.359226770227533,13.311540975100558,8.4137414445516061,8.935900201977077,16.38279954923815,16.958941034793462,18.340385031487024,11.153926275948663,19.799271083883006,20.568506385665593,22.019921388798782,23.62033953838646,1.774306342804588,2.063084956465719,0,0.034299801602988782,0,1
49,0,0.69781858585511336,0,0,4.6502267591547373,5.5963272301759526,6.9677921493079893,7.6099854176822985,8.4284466895676697,9.4882279824006748,10.540913612359134,11.061833500346889,12.653876304413469,13.052573807024221,8.5840908154559372,9.0895033922087958,15.258332512871572,16.960802797910919,17.427432003717826,11.409877087408889,19.455794077239275,19.797119329501346,22.142767938226626,22.45116824218859,0.4344185128709786,3.9797544860006426,0,0.033952514111354838,0,1
50,0,2.039717316640941,0.62716147907166575,0,4.6988993047384042,5.6019070525788397,6.873209736084064,7.8405226972766346,8.8760534445458621,8.9899417772109249,10.659077104816806,11.235155754393558,12.703329926318812,13.181102325391723,8.669474498497415,9.4210426294523764,15.964031257869875,16.736463367523168,17.628798356115304,10.874160660242325,20.026129737450457,19.731990674554872,21.429974749483197,22.773862167691092,1.2091880362042051,3.3422270639952134,0,0.033921895961680201,0,1
51,0.29205420574745511,0.66597596191114616,0.61321178023697298,1.2700119125457245,4.8909103844011304,5.4849804995805709,6.6905391818660283,7.6260823869061944,8.4475712716241009,9.0675033091149118,10.203372455183681,11.253798268265513,12.612199272164364,12.830991971071724,8.5392206222313973,9.1042611273493836,15.698217855030578,16.608347513673962,17.378966428855499,11.299648656292197,19.2745548730495,20.444506760978985,21.168466683202485,23.329498213294318,0.35938001941720293,4.0035152303632406,0,0.033833652428637992,0,1
52,0,1.0120990439403537,0.20780469748168154,2.2511588586638407,4.7640224331243006,5.3342561234866634,6.8172918147352597,7.4737688289227124,8.4490453471574796,9.4313178447660562,10.435174123088869,11.08763215142679,12.663808127783714,13.118910824857117,8.563637062241618,9.1513934920757993,15.110178897435285,16.593084518261151,18.467811907232544,11.275229931262862,19.641565651380816,20.45144845375988,21.606779533773871,22.929354867589936,0.8739207061458909,3.6996620038999506,0,0.033660562522635259,0,1
53,1.3389831229236862,0.072213358407112543,0,0.1926666534020674,4.656806104386634,5.5581564725522128,6.8096984780194347,7.6886481942372908,8.7949172194645815,9.238616297769191,10.359851541758205,10.911787238562601,12.778303367298502,13.582333672198207,8.5747076676189717,9.2539920688188602,15.775559784282644,16.714656057797093,17.747019099651439,11.29710311517403,19.645719471183554,20.330485368610141,22.092342213989227,22.698119846941708,1.4065494698939043,2.9923892595764872,0,0.033518062296994743,0,1
54,0,0,1.353353307037954,0,4.8548206662741444,5.6063173928493315,6.7715561044347758,7.5597306834944042,8.3180860586282375,9.0138799122817694,10.391391439935903,11.388864033561392,12.472377872765685,13.226132023403672,8.2759080964244589,9.2120629048920719,15.89496894176197,17.101115377216491,17.083542973766217,11.370398548627133,18.943978976282715,19.291381571776139,21.505498974714694,22.939989604427385,0.54886187988891855,3.9355081080825465,0,0.033466394028297507,0,1
55,1.9751913228008726,2.9174826197975343,0.53032452112760509,1.8956917116487164,4.8592646008236517,5.5492136477034339,6.8356436864812844,7.5268322104216985,8.5020353108680098,9.2423913288497932,10.610514324684642,11.18322250273166,12.425989293107746,13.025907302134543,8.4112934273061377,9.0968816340978957,16.027848436128561,16.460249050433273,17.667314024666286,11.406865114623697,20.163617466877607,20.482214393380708,21.560104009475314,23.050812420153651,1.9844425996147577,1.0266710997566146,0,0.033249672580192555,0,1
56,0.13592044118446117,2.2505026895768756,0.23263381646058695,2.603364890527704,4.767810231583363,5.7354052812598226,6.5646456341381931,7.3080928509009642,8.3607407738038084,9.4874795457099559,9.9034608519884895,11.135192976706064,12.978178884385818,13.862912531712253,8.2387335560701089,9.2726325280293995,15.616109345559872,16.641832254002153,17.936376295464054,11.552948857746799,19.702617912152505,19.471475707577287,22.396922162931439,22.963319988061496,1.3994065695229054,3.0427751505808951,0,0.032937133310885255,0,1
57,1.0427863453029971,3.8334977978072131,0.044477481715845563,0.32014701591847194,4.7680817676913412,5.7215614598514071,6.826214434028719,7.6388170796899431,8.6634399728825997,9.296648714495829,10.357189247090515,11.358229496780323,12.652793955302011,12.92972253899625,8.5230639723837456,8.9100409090921264,16.077893675815069,16.512444700838415,17.559590190152967,11.064583452427083,20.229907760404402,20.64410507430372,21.878762548651753,23.520906947715691,1.9682951508926403,1.1666315185598257,0,0.032832369918466935,0,1
58,0.20296225937722628,1.1975419685086233,1.7232485898958816,0.6951596330829376,4.8673282793723942,5.6811607025843447,6.7128637016259356,7.4532753731066252,8.4861156979713801,9.0768199301536381,10.741363856228286,11.410867170570921,12.398518535908876,13.583024271760136,8.2975514305182934,8.9374828705326141,15.976157334580508,16.234418277699344,17.865224222465024,11.382537526234563,20.326520721486531,21.109009509459401,21.812058593178396,23.939169383577614,0.79635297701229213,3.7680096879776936,0,0.032385925783382202,0,1
59,2,3.7796057222299164,0.48111531231936827,1.0374688738347182,4.7476645846301517,5.5010313732632268,7.0899663032751246,7.5105125237375221,8.4435057629727144,9.539662102489789,10.347628503814191,10.926950957474393,12.383048098400657,13.493250231392331,8.4303120811159449,8.9124461056523216,16.145620076804214,17.074607324443289,18.070428075488945,11.452579748143183,20.041990532426922,20.639931045629933,22.320859197128634,22.766439047114563,2.0362717594574709,0.48459128320228928,0,0.032359679298185513,0,1
60,1.4319827511895586,0.8076372024960955,0.50048485466803183,0.19230429050330655,4.728258776987996,5.6512538758466162,6.8488442918455421,7.5223940314463018,8.4774703729617862,9.5103495590501907,10.18248810429786,11.380383758803568,12.553159732672748,13.022255849464772,8.2171355911957171,9.0250423084112956,15.988016077701076,16.709936548670509,17.548664519374796,11.378003528321907,19.612960792414579,20.662658026102132,22.040608555055517,23.669922141870757,1.5497610110407674,2.6852337022262778,0,0.032354133913132938,0,1
61,0.18616096269048152,0.24199210919905628,0.41587291101664359,0.2664748930338961,4.7824036538344297,5.5094132166926082,6.8150997329027652,7.6065424797942081,8.5672528939146311,9.2509849159249526,10.305615660319837,11.157648819326804,12.594873276521101,13.012807528440234,8.4919428090387576,8.9518220493738241,15.67088723470172,16.771309504103453,17.632754984146466,11.222470083712649,19.415229905215202,20.447481770093319,21.707325305174606,23.047241572756732,0.24357135698466847,4.0254834893990461,0,0.032309754683644824,0,1
62,0,1.2075598162966434,0.60821906514650015,0.57646280789758153,4.7638806936730163,5.5321232301354666,6.8542977593832441,7.4028691470907981,8.5179225156535772,9.2586585873171767,10.44445235621277,11.497010289399975,12.587539589008582,13.632562875321643,8.4993565314687185,9.2883320723207667,16.146974279212408,16.798404649951433,17.732479743072311,11.388385126312048,19.911565028523157,20.185190666107637,21.819263219936186,23.595946680581505,0.76937434907679081,3.7807602452999891,0,0.032238873303213206,0,1
63,0.45971551521331111,3.5559994363743903,3.7654783990366947,0.74689856607023808,4.7464614691713196,5.7706844720204442,6.9052716985312106,7.7463924329849903,8.5612488537696851,9.0730931417954022,10.475799794939149,11.31667548619617,12.368455553414792,13.666668879959662,8.2859962868922938,8.8362682116905535,15.802608030863588,16.987827803251822,17.731264155090781,11.262661795892274,20.172027363959661,20.865617955158037,21.941077191424654,23.720165056539972,1.8862275941942206,1.632949175385795,0,0.032063361148507642,0,1
64,0,0.32191761097530142,0.052282120656272524,0.42174417066275571,4.7772184099629795,5.6831849366124674,6.8322219739342245,7.6813865325881663,8.5223831189592474,9.0894341729479038,10.474800180008501,11.398792909512281,12.567144864153148,13.211690402669992,8.4773361895200612,9.1467180875194014,16.151140626672735,16.864843027680894,17.741285512973278,11.204387571666318,19.838931714442634,19.976719822935046,21.90211190948132,23.361653471837688,0.26808345798287164,4.0195730327860764,0,0.031904998054683088,0,1
65,1.0600072873752742,1.7234133622360202,0.12403563568383218,2.5520203026462118,4.6743713312379329,5.8496303781222432,6.9109564986994094,7.6046095587356799,8.8111978510679769,9.0474386658947648,10.881065644016559,11.896980229872421,12.327896618730325,13.402707609858792,8.2510296361198812,8.7073561943587485,16.396580675855631,16.958891498174051,17.53682498573788,11.213008892547972,20.136336516869022,20.465777256402028,22.467350024788686,24.140418713187564,1.379630736329811,3.0703233106881238,0,0.031870340695746381,0,1
66,0.1947018144031567,0.58127991758253916,0.58795600221348332,0.53876833185966388,4.703998457487848,5.5956762726467986,6.9748819019302175,7.5743891882428267,8.4766634715601583,9.5332531745399898,10.358830774860447,11.245765426877361,12.478092464792271,13.08064150676992,8.3296714952614046,8.9277176675925443,15.413385812388579,16.882897547164713,17.712034300310489,11.364450313214997,19.935148333809284,20.644446285916629,21.849103111459307,23.253218956776156,0.32051315862787927,4.0079167359449244,0,0.031405625016673502,0,1
67,1.4234891594061765,3.5770119416816861,0.38835643095317884,1.13303455373052,4.8484184042937377,5.6267685717403229,6.836297343597626,7.4989628228450345,8.3654851031914639,9.3243538601156324,10.405765602666396,11.092996266068241,12.419412856466188,13.377987625927375,8.1945580240759632,9.1335310783318917,15.923756576920736,16.780774905515621,17.879131008690596,11.601689725767097,20.174115483214308,20.009391923236127,21.83835458934356,22.819630637531358,1.9430708548237148,1.3258678186002859,0,0.031400802090517654,0,1
68,0.86156353890753734,2.8438727429399182,1.3768613028123109,0.58070615301498163,4.9105312413466145,5.7077596156401391,6.6852342884086884,7.3818403779868031,8.5315487028401069,9.1815687996893018,10.381669865972249,11.255493984325859,12.707470707037393,13.442017197776238,8.5068812489764483,9.1677657234647132,16.255811777604062,16.382540658712511,17.34517285760386,11.352783798646696,20.496582927152279,19.763051211965315,21.659307269243833,22.933302508799898,1.6104433085892089,2.5665458645201511,0,0.031330195192653468,0,1
69,0.92850302949178076,0,0,0.45596770620870491,4.7770170940030923,5.489569254941105,6.8829971590535761,7.6515359292670801,8.4955418816201522,9.4367344583766588,10.055224474705774,10.826650532734332,12.652586072708434,13.14048040008376,8.5740097450506525,9.0341228030391019,15.440483314109226,16.771207898096517,17.705754555169179,11.41510534559202,19.837236313802599,20.764788027105414,21.614250531128302,22.768940168419253,1.0724973002620293,3.4851229167631912,0,0.03130975637055175,0,1
70,1.6293248084989282,2.2297883100136313,0.64445465075227326,3.0699607107968063,4.7729105422758478,5.4802170718806265,6.7305953099932054,7.6882534007846512,8.5740720202973044,8.9743799467739418,10.705381472075805,10.846699853749056,12.469613259941834,13.633024137048219,8.4356484861406855,9.2574855386019586,16.177426537484646,16.803931112368456,18.660357710499159,11.878011652473116,19.637095714434103,20.202480342038676,22.536620765774092,22.611612004917752,1.7592225001624568,2.1759893730132402,0,0.03115653407238677,0,1
71,1.2067328454959494,2.3143812094556635,0.37631018370855646,1.3372272111640797,4.7321576275823292,5.7086345358360973,6.7553295353617093,7.6933215942633613,8.5790536921741776,9.2266902572585181,10.593508147638936,11.481014707051607,12.652759372954099,12.770817998072841,8.6039208825301312,9.1774232535639353,15.850040555627135,16.29296165842818,17.512467060446497,11.535183795986342,20.146194308764962,20.844564989859943,21.864251421064431,23.878952135105795,1.569518512169199,2.6610794921543199,0,0.031083307919610156,0,1
72,0.35490079975002098,2.1794444637191659,0.38858366647129361,0.23928155327451811,4.8161125822609447,5.6781772715661205,6.7475773092862807,7.7126384384140279,8.6357073637014512,9.0922734591805678,10.453845347847111,10.959453179090362,12.637483878541229,13.311696821020169,8.5327772539362279,8.8178495213612447,15.367393339283984,16.653085805390944,18.013191055575813,11.224215187056062,20.308588123225444,20.322443089722455,21.813623376964244,22.677982153017403,1.2602892899089402,3.238010462425934,0,0.030995603920642222,0,1
73,1.8032941137081355,3.9816474291827419,0,0.76896444502057726,4.7154769748687517,5.5987655492879105,6.9737743599726683,7.5532821380392443,8.501671004226889,9.4711612339046525,10.252625303170902,11.336047529783604,12.521334271360606,13.238345664931165,8.3749447532289913,8.9696405725186068,16.015057268887659,16.940640261816366,17.82424978756416,11.159749581408356,19.810553335382913,20.613863620518892,22.044154928476793,23.5314675997436,2.0379627862602234,0.30815127247913887,0,0.030778314085082557,0,1
74,0.14562277325474893,0.036170514805145118,0.95999557887091913,0,4.7920834206965228,5.657201066403494,6.8222026035030332,7.5839771023986655,8.5139877572197076,9.329021617086676,10.010249489199271,11.334151373172242,12.74399168064163,13.203299016185094,8.5164199915536472,9.2298482806168352,16.088518114141603,16.810912928585228,17.465478538369148,11.200461964365893,20.040312068545518,20.0683658234496,21.594655021558136,23.389345848737591,0.46321750535552109,3.9617123424038825,0,0.030637046120194824,0,1
75,1.1972316626531294,0,0,0,4.6326127069544487,5.6940452183058348,6.8513276878112803,7.4764606948344259,8.5675526183064683,9.7837790265755107,10.129776469771672,11.383971498703401,12.722612408293676,12.923061600557856,8.2135464111765408,9.0279025297244715,15.830096391027043,16.485141615595939,17.755578304693383,11.245525965595899,19.825483409640189,20.836818993158023,22.326649425310595,23.759417767186708,1.2786097416709454,3.2195499415316586,0,0.030605012913417787,0,1
76,1.2738916349764839,4,0.074134451226910911,0,4.7755445266679262,5.5733448579745328,7.00460080573521,7.6204284705057601,8.6981251292646142,9.3377110031511013,10.316877067305287,11.273547429221983,12.467559359128467,13.154581382015518,8.5153321469450631,8.8046811691041089,16.183871983482579,16.931256665294846,17.999423743924961,11.049597901918217,20.452404788370529,20.737201847217804,21.820851549203518,23.323232945575647,2.0171443773597941,0.73566393430163779,0,0.030538030881178613,0,1
77,0,1.7794614576963146,0,1.4034972370736154,4.7925699798788575,5.7322845142882963,6.9300847309034355,7.5760295137067182,8.5186963861687932,9.1735182746605037,10.391461683832574,11.910536498042726,12.497842586361132,12.928421297086118,8.42328023084813,9.2907872550629982,17.032245168303419,17.056853472255476,17.408214170583332,11.179782416926813,20.045103000651018,19.523653769869739,21.846796201486658,23.929547354706067,1.1469378515422082,3.4282507186448283,0,0.030524958684891964,0,1
78,1.8235942120677782,1.523702542296177,0.50902221184006602,0.69734931869943895,4.7282360244972192,5.6175953201867745,6.8522270189203729,7.6869221010021098,8.4038282712685781,9.3549347722755325,10.165603605064691,11.283155986738302,12.517530711949478,13.253791504683569,8.2942441034115504,9.2618491659359936,15.908504609893605,16.896920494152166,18.094521224756026,11.712657968453236,19.880504209788253,20.708147603997553,22.008710813965077,23.743837689360515,1.8324036346287202,1.8565160815480959,0,0.030361551869470621,0,1
79,0.28680311166252787,0,0.28556678248213396,0,4.6194503494493544,5.632273002768116,6.9748931908880749,7.6800311185557444,8.5822493432997913,9.540254061153723,10.526445544948785,11.136415261100064,12.569127182895366,13.124592710003993,8.4240980832007466,8.9987532844449305,15.53013078352563,16.730336666086469,18.186434322224425,11.284231703824643,20.088724736767393,20.792556311937155,22.315925686597438,23.223613122162796,0.40577988702448686,3.9828093740742379,0,0.030076501236979525,0,1
80,0.78049312684498984,0,0.40893652837685057,0.37723146242189698,4.7093050839268589,5.7948399016453802,6.8324373340094047,7.634003177051814,8.8347386973899429,9.2523814375975011,10.141920449050984,11.660082977022741,12.61142749813388,13.790812188171564,8.310202507167455,9.0162507946992942,16.258786890210903,16.716021297435709,18.336016348833549,11.168998238585704,21.15041065644996,21.22658517365323,21.949376903264472,24.62092266608968,0.93518461537125663,3.6535340626765098,0,0.030024153631985597,0,1
81,1.1638836777469117,0,0.52437027059295338,1.4070921263937737,4.7889172868937564,5.3438585222413018,6.759599250661215,7.452826938237024,8.3117280723555336,9.4321071882513365,9.9576611606784056,11.08914564609025,12.584719509691503,13.337971849271312,8.3304262185681157,9.1591666162028265,15.14496888101846,16.761289337698354,17.587984640223972,11.644195666007636,18.898656578734062,21.052448301844162,21.379476968599665,23.492786015441588,1.3622411421406517,3.0959997743098699,0,0.029997857891022238,0,1
82,0.36015894186239855,0,0,0.37106085377809689,4.7750859036934683,5.60559797735504,6.7534415945702566,7.6495723598640204,8.5305572066716771,9.2336301381637167,10.199683670595572,11.237462722226686,12.631998723718802,12.994042851066926,8.4612480833660424,8.9784212688739444,15.789920294077952,16.792894487898451,17.656392384856659,11.491215024558302,19.513488920947662,20.461995289532357,21.955388488894545,23.321052323447127,0.47925631032398375,3.9467681421659062,0,0.029982914681666369,0,1
83,2,4,0.96214580656065218,0.9672483341090351,4.7390228109109884,5.5822801558742183,6.7780719271099779,7.5536305052696209,8.705040054683657,9.3747595822234917,10.286355153533879,11.130903195927292,12.532944858607927,13.232536493856895,8.1652751975073485,9.0970998239742737,15.967960307764988,16.464646192306539,17.422384686924602,11.400090693294832,19.624801214936728,20.945746698618169,21.802518933743194,23.323462315739292,2.0331971346717785,0.52705315554912779,0,0.029975191529409678,0,1
84,1.5363189357767131,0.19947711903507975,0,0.55273065880522221,4.6892918574300397,5.8349185783934772,7.082157915187226,7.9844650649331532,8.270725771034698,9.5281123256856439,10.198600082690955,10.868770472595852,12.55313689835868,12.773362694142365,8.6383858104575602,9.1380594904665493,16.017077680642277,16.953129001266156,17.716715551697369,11.753871380878229,20.493354766511708,20.711944090825369,22.429257120944186,23.021287225294703,1.5921503717571188,2.6455782514668758,0,0.029910242159188975,0,1
85,0.089255092479274933,0.68895574436249574,0,1.4026852264486014,4.8083268204509659,5.5792775732856734,6.7540275913858459,7.4374399642606939,8.4214763626807034,9.3013253239413185,10.047758851667176,11.425685986010249,12.628339596258492,13.406217427474665,8.3432089761422876,9.1583487118152913,16.017173726728018,16.830012801787795,17.44301825004915,11.483298621451731,19.459250883804504,20.329319997970742,21.754240930629933,23.682454471940737,0.57674958365611451,3.9074962304589462,0,0.029905211354536429,0,1
86,2,3.0522792561441023,0.40002675489071243,2.1088042973742915,4.6598262580139567,5.5823053893762911,6.9092090570844382,7.5422271177019145,8.6302052827017057,9.5053806506982781,10.673718120031268,11.095398577411801,12.499273346558272,13.216637130307316,8.3245133429980172,8.9720880206780507,15.886275991834053,16.507554360074739,18.105676382586701,11.362945987954571,19.878269984970082,20.89505195189999,22.484266622501544,23.133738849136673,2.0056252242757444,0.86358943628925533,0,0.029639045719587566,0,1
87,0.16719502615871701,0.53882617772351971,0.48452579692247938,0.47823210985423914,4.8439004327899875,5.5858283489996676,6.80436455089764,7.692412091303634,8.5786274625534649,9.0707075689575767,10.469157206377625,11.021018218389042,12.581134798141198,13.192955154731088,8.6287194653041581,9.0764860124266491,15.965351974227945,16.662881949273594,17.806540727709248,11.332801278416463,20.145992565624528,20.26621612418645,21.693703138399989,22.787934493622068,0.3017336480103327,4.0140161077177874,0,0.029090426164447455,0,1
88,0.16543392399726531,3.7576751238644319,0,0,4.685027883070024,5.6323891904493788,6.7182335592287341,7.4003439577750498,8.8144749642595013,9.4117244150942003,10.125203069531256,11.40332747995118,12.84654082833563,13.735622812810604,8.3630956297791776,8.9857551530311746,15.571066565625761,16.866475282060662,18.327152125220913,11.323003900558911,20.316199228590165,19.972487567487313,22.231316462557519,23.280618846932189,1.8115748495570356,1.9690704405344093,0,0.029083577698940866,0,1
89,0.7067931152617366,0.4741427568681012,0,1.2531607648447169,4.7522578423572934,5.5676730062437647,6.9479881956762553,7.6211500466754005,8.8051886667787844,9.1684061742519702,10.635863772550517,11.311357799012898,12.364653289663755,13.085960140853677,8.3978172489027525,8.7640804981803182,16.035666921725909,16.998711120808512,17.60732810849489,11.289660836784904,19.914743866370415,20.315449021215642,21.936685144012674,22.917540889337445,0.90813950103584562,3.6619760629129012,0,0.029058559806733407,0,1
90,1.4056606867442225,4,0,0,4.7649073108567528,5.5626549196103756,7.0002201199739638,7.5205807216080576,8.5731019007930804,9.4473390905587458,10.350559811227875,11.203291019655504,12.418482435163106,13.196315116494194,8.3236569266637748,8.8611017037261579,15.928498048057406,16.995402018833811,17.733559864557115,11.21699595927824,20.049646254920422,20.359893560412342,21.855202941258288,22.958086916691098,2.0248355101670032,0.602736677897169,0,0.028933246420368756,0,1
91,1.5020128840126907,0,0,0.95602010881125654,4.6040757533285674,5.5656075820840218,7.0414469387129301,7.5640823938524973,8.5701859619058904,9.4933156839400823,10.537532426081809,11.261406765556178,12.505458637915428,13.4752216951635,8.4480677135778866,8.9643192444145416,15.181676396516895,17.10082569712155,17.621468278339339,11.442562180512825,19.772655445904913,20.508641514864991,22.070328782684669,23.122588823297807,1.595649797008925,2.593672352567173,0,0.028905740395703133,0,1
92,1.3007166802919692,2.040942574606281,1.6674713799883565,3.3959957183599339,4.7752499876140044,5.4575422522147017,7.0465457859235672,7.5743339032918593,8.4427561567020533,9.4994790370249014,9.968284726677247,10.845737593176594,12.43310084258265,13.637233863148186,8.3467666651593238,9.1096216811483099,16.034204233277233,17.222015986492309,17.95929476470382,11.524566388845541,19.946550107816375,20.611361978355895,21.848783487719796,22.793371043394551,1.2959526922654576,3.1868461658420246,0,0.028598155839398551,0,1
93,2,0,0,1.3884228701736168,4.6774701950472153,5.6866469784952667,6.9894758123540415,7.7421912713328735,8.6684923557682545,9.2199273324437812,10.320837893116986,11.273056399163965,12.460173652586883,13.211481429581449,8.4460777603054478,8.7099012350835761,15.877546342793412,17.486492430315877,17.44370649498169,11.52827582419787,19.578691358283063,20.061922458469624,22.401530523355628,22.924096440809642,1.9060237548515353,1.5745243565903049,0,0.028570939652773561,0,1
94,0,0.45030699085070769,0.62244349395744858,0.36324773776282077,4.8708272261704479,5.5116740015832404,6.7911832181589009,7.5058553818672307,8.4746532807200712,9.3071631419256917,10.118834767682952,11.40357026504374,12.364246754528285,12.850287069519817,8.1621578561791974,8.6860369807223083,15.576433035483392,16.959395119222751,17.85618844731351,11.510572871484902,19.685483645061897,20.667739106961257,21.523462331519777,23.515962599438218,0.38438796358845273,4.0001391203939907,0,0.028344351706560543,0,1
95,0.63674961293975318,0.055702136552632564,0,0.14771053710683352,4.7129241488115925,5.565132810812643,6.8793386191438035,7.6673170726414073,8.4190200569039053,9.4252935771204491,10.336889448124552,10.971675206421553,12.597343479967348,12.899467579423527,8.5204130192777718,9.0619347374885884,15.636138814031202,16.851972989598995,17.564645679551703,11.679561631580189,19.365526428261624,20.346398956724226,22.212486510796726,22.737864031484918,0.74583135761494246,3.7960572251881186,0,0.028181765392184126,0,1
96,0.85841865846731813,4,0,0,4.7154377384217652,5.6041425939352258,6.8535000548488663,7.6063148835469354,8.4584313222387681,9.2502094375256085,10.707036623798148,11.531308325851095,12.444296248224797,12.921184208618994,8.4096053641775104,8.9613815961693888,15.511605563369733,16.883161085383815,17.977740004091149,11.555502701271362,19.74992772416504,20.291511067585557,22.066612960083585,23.542225887271364,1.9779890659414128,1.1128917397485831,0,0.027764634674354784,0,1
97,0,4,3.0318787347982319,0.059368040458477406,4.7719616933965208,5.7782483989439974,6.8793160699988789,7.6889486565722329,8.4810662498377916,9.3637967969046212,10.237696151794248,11.389638669377211,12.550623423393223,13.028993057264609,8.3819926259783433,8.6943524238474357,15.636097922637575,16.876837109013355,18.300472888917749,11.107970484736558,20.614365971954914,20.630430579177084,22.019674042231745,23.690138353348228,1.9971741059784429,0.98038753702179049,0,0.027326927230970001,0,1
98,0.73875068615484407,0,0.75651187779757401,0,4.7622951471605335,5.5781303652808321,6.562645131322892,7.6752425173778489,8.5817607231670276,9.1073827018161637,10.327142866342331,11.06711781685166,12.942316820315225,13.008127504820294,8.7035222321089805,9.2773406031862571,15.920766215146884,16.242549227632381,17.805060876806746,11.215024126561737,19.134546605537043,20.355242755073636,22.083725805656183,23.176908475826099,0.95091986526349859,3.6273341124936387,0,0.026998946885886499,0,1
99,0.54422893723126886,0,0.67762547115757266,0.29619288007710276,4.8156342796537546,5.5078652161657855,6.7351058125163554,7.5862145972742434,8.5387471165890236,9.1413806906352217,10.151128433682967,10.891979553025763,12.692781238772865,13.628870808710404,8.5608681077219373,9.1584803400413719,15.878093401527751,16.72254009443791,17.636765256742684,11.446721140528323,19.475918718852025,20.477462565512191,21.811718240904675,22.873772260731126,0.72785058147352055,3.8105457127210993,0,0.026913493288200259,0,1
100,0.92427614569955452,1.3923801500110415,1.011846014917676,0.47711513930870053,4.681867865907213,5.5663691599183993,6.8860769008525482,7.6542866902496129,8.533957932288585,9.3551854441396376,10.447280689787959,11.259549056062504,12.648599296583127,12.933117860692647,8.6140971643579078,9.0777457002235717,15.990794547191483,16.787953655257304,17.876159624606409,11.329761775060167,19.463843465892651,20.43593798814284,22.315503527196373,23.292897431320618,1.1723775606941123,3.3489193521409315,0,0.02688292024538445,0,1
101,2,0.29835061848376543,1.493015353210728,0.71108212267776638,4.7354456192211281,5.5323784795290214,6.8359795708947759,7.5851763129276737,8.6449949452690174,9.2002125023276662,10.448926963511557,10.901066271743742,12.642305694805625,13.719943795731778,8.6136807326081399,9.1627576676840228,15.886718064674612,16.694929502259058,17.581205053693559,11.488837705145368,19.755500239724384,20.543025084123688,22.042519640548907,22.765785441319462,1.8697100470928198,1.7037121323437574,0,0.026838342298446845,0,1
102,1.1683740044177624,2.9284988728767924,0.21843985510718017,0.22370500388509004,4.69962324366867,5.6333816371284877,6.8522177259547217,7.4635312766287907,8.6617950143460511,9.3723956355585774,10.207871224535568,11.804763223574646,12.71952851039612,13.137350636645213,8.5724515289574246,9.2100221919527261,15.928734866729753,16.82451709979421,16.975723209728141,11.431208915390988,19.986094132981687,20.298025779086512,21.557922311803427,24.047813774623442,1.7919896788935439,2.0357113512958516,0,0.026756019466850078,0,1
103,0,1.2812293880656722,0,1.3535591038089341,4.7116455737903289,5.5876532546938007,7.0749708946456158,7.6277372025854868,8.6220513868601412,9.1885345159310798,10.783548883379124,11.349439041334991,12.469497535397144,13.827351977788725,8.7165946528857692,9.1782576762768109,15.879504579086451,16.847280748809805,18.133284061623499,11.112656104477088,20.867962813096142,20.676455904565671,21.71865278738942,23.497266908375579,0.8959061269569788,3.6913040590216073,0,0.02651161727630609,0,1
104,1.9369439525646885,0.62254057580047639,0.88216928751990586,2.2840995118872085,4.8156274411576634,5.6301495551801786,6.9569751465600653,7.8128532005658959,8.5506967945472336,8.8468376659451753,10.887225372843867,10.894068244513596,12.367645406123721,13.721295556775221,8.5825927899063164,9.2047249285475043,16.21599925530537,16.863517813706469,17.808668308505386,11.129391114369522,20.113345108120583,20.068499435801755,21.788472560119562,22.501402178824186,1.8055701957586034,2.0185260709136883,0,0.0264505688603686,0,1
105,1.3095799071807408,3.3635074080870457,0.51667080573044866,0.7866368504056106,4.7913049478824101,5.4588804438747323,7.0385913792259043,7.4250734903977111,8.2258233898716053,9.5379885869912346,10.536391389814527,11.240863294122557,12.319298000726191,13.156154917923372,8.3906274270079066,9.1890746410713131,15.88875187618013,16.922379403661271,17.929614651107634,11.69932659914967,20.050415150512144,20.341709803899292,21.827724601333045,23.116792607483145,1.8767478990062327,1.6848245971558222,0,0.025950457238184156,0,1
106,0.93341323789372499,0.51093354213258546,1.1920701083145624,0,4.7208613154160384,5.5458076833900991,6.8120868557506871,7.5921958236333325,8.5762971458322248,9.273913368304898,10.349557394155131,11.024187979999638,12.63645651530212,13.333064986938043,8.4858090417104712,8.9547204706997849,15.803515804969146,16.792030562691412,17.64733055175039,11.312692366044523,19.166127019218273,20.496804292532847,22.239667953093051,22.93741894850557,1.153645236622582,3.3773802475180568,0,0.02571644184633172,0,1
107,1.8911697948320048,0.48489244964677636,0,0.7828090409784999,4.7293753309027107,5.6917434836937844,6.984383383839476,7.7320937631567821,8.7296409319937851,9.3092703391141107,9.8287069745479858,11.070842517569471,12.635604477788634,13.483959432734022,8.5045863807126043,9.0093159292862293,16.221326250328172,17.459762386733576,17.242520365560278,11.501538360348293,20.173831763467106,19.925225369387171,21.957099246759327,22.724966853599273,1.8237262524237032,1.9385097670646663,0,0.025323961166897967,0,1
108,1.2054945538722079,3.0277043088738127,0,1.2806961874106195,4.7097894267974052,5.5952006685224287,6.9957900170524461,7.4629075450736622,8.4937987035137805,9.3891331715059376,10.321022265915667,11.440434566222864,12.527797090316282,13.439715432662704,8.5737580391842059,9.0134432235835398,15.952037261903588,17.304757700415372,17.262836051585236,11.77623585335323,19.860481351581445,19.967376126775346,22.16943885485621,23.193624284036471,1.8267997595001575,1.8982322728177419,0,0.02484634186848822,0,1
109,2,3.4403812358978536,1.2255118818518571,1.7954304614347061,4.8026807873310116,5.5776371624025822,7.0821571345725234,7.6560492309072927,8.3971745919319254,9.3874865299052708,10.474361692744115,11.08056853500516,12.192630413861945,13.151865927553509,8.2169946446944611,8.924084970748309,16.674960987372277,16.987783291795679,18.371384274598825,11.214896407768864,20.089354048005866,20.758080829059974,22.252547040649876,23.199977490314911,1.9835567483136494,1.086111463956579,0,0.024793709148412474,0,1
110,1.0418792460693038,4,0,0,4.7663460924201368,5.5613356642188574,6.6694040568621622,7.4308844701428658,8.4333106705566436,9.5006080183291228,10.172796576300913,11.178996905338234,12.894433108463282,12.829497603538927,8.5598909080235757,9.1602044832939633,15.851512660924561,16.410933006722523,17.720284346925478,11.348858605510802,19.334419893193743,20.019619973914505,22.177267920621738,23.025781521112638,1.9976028406211934,0.94370760268960152,0,0.024478582012558339,0,1
111,0.83664506845102959,0,0.14199825550491696,0.65721596046574593,4.7404575779396456,5.3349332485226615,6.8765294383387587,7.4825991421635596,8.5111541701969546,9.3670027567603853,10.002472878970254,11.096991325748563,12.550827562790966,13.349294442710855,8.322257391440111,9.1512731719796783,16.116465622707949,17.214284412229667,17.576967545309568,11.369574714186001,18.493003100815237,20.190575174776988,21.936035959607203,22.945464890683059,1.0075354514130745,3.5774737708864501,0,0.024265999718947093,0,1
112,1.3272162779392966,3.8108823107263419,0,0.1544300313844216,4.6586769492530902,5.6825510136618345,6.8227897239027753,7.6252264954753386,8.5642626910409536,9.403190211222201,10.526145525957702,11.346705176824743,12.483912628003239,13.051994197024461,8.1872011200280888,8.9171038048439542,16.240102708428388,16.634117445303275,18.270124802398872,11.403019361264077,19.52361572270696,20.934847395936611,22.812651269104954,23.797660083430127,2.0049428267087896,0.89805066179394322,0,0.024050106688798902,0,1
113,2,3.4427516948512991,0.37318759491986098,1.1186052801993938,4.7070907007346303,5.6602392948407871,6.8654192965385095,7.7797613904734213,8.58498657334518,9.3397955745997248,10.2448530514044,11.004379370295336,12.64704481435364,13.174674352198037,8.5516144040479674,9.0270930241829532,16.418028944919307,16.695744869268111,18.446993568066944,11.354791461603028,20.061523536979411,20.969503541551671,22.646229623211461,23.407336521115798,2.0308730914800277,0.5936265207695226,0,0.023109938187282245,0,1
114,0.73898322588780108,0,0.9971586951509126,0,4.7820519775455956,5.7116390143589522,6.604361168081005,7.915877376763186,8.4733670263008101,8.7528159052086245,10.327062769451862,10.866948307418669,12.931104076492732,13.544877455820544,8.8258581685305888,9.5922611947579082,16.556902815968503,16.773840534193621,17.942068879256592,11.422175804653785,19.248697198439611,19.37715631601041,22.451506138756287,22.659447412419937,1.004492206765041,3.6122508797610466,0,0.020980845710194724,0,1
115,0,0,1.1883109236018214,0.71689183265470047,4.7488915380017174,5.3663519955556387,7.0705323433729017,7.3606931632988886,8.3107272346248902,9.5150224242835471,10.811336415801776,11.140188453018185,12.347491994452437,13.219242160697078,8.6426107983898373,8.8969180778752772,15.623088587957374,16.841753196502008,17.854403204019594,11.547656552676623,19.678896068528932,20.677632705736713,22.119433682747118,22.899951619235623,0.57022693467812002,3.9216323606757206,0,0.020930593920071704,0,1
116,0.36679330259162879,4,0,0.62778568194875695,4.7956247209948746,5.5401530778162051,6.8906753284239084,7.6358230450786841,8.5719302256834577,9.2628452551810252,10.500152635759342,11.012795689593021,12.495456971063984,13.384490502146194,8.6559045523702007,8.8064073880023557,15.709112969206084,16.748321012070249,18.723284594457787,11.597136472185866,20.791684589297297,21.012356395198978,22.18459518214047,23.136432505665333,1.8997281837168152,1.6025243903277713,0,0.020713751124631079,0,1
117,0.085673243962598844,1.1332932915040344,0.072365249982167479,0.47417447725665907,4.7563892158347185,5.5953228141152369,6.8830033964055009,7.7412011676263681,8.6402985766044136,9.2593680203853435,10.560225106659125,11.137327398218838,12.689952831876102,12.711081217016972,8.7643730992958417,9.1731339928100724,15.846709528298598,16.371156907415624,17.406105696915159,11.010018121998542,20.0604693482125,20.544799690371022,21.49683099088691,23.018375052251091,0.69119317492611088,3.848693641851554,0,0.018264088816193302,0,1
118,0.03932944843938499,1.4991377083523478,1.4156124774739676,1.577845478007581,4.7117960616730956,5.4081724263852085,6.9185595298120468,7.3401450190576893,8.3636817455326717,9.4886724422745097,10.712860841162787,11.209896147607154,12.710985844966769,13.530033569544486,8.735652286734771,9.5040207597686095,15.51794220815807,16.478277687530102,17.857933439578133,11.346946165179167,19.868912388855883,20.127967563848632,21.743443624971562,22.995920207745648,0.97715365467582638,3.6129562182444626,0,0.017929794797256607,0,1
119,0,0.8836708702192827,1.3073007287335232,1.4505097717260957,4.8117562564903054,5.5484100300724846,6.8107654681439467,7.6755774425912122,8.7332515374756596,8.7513011984174049,10.694873679405088,11.29307601732109,12.452853275401999,13.791154150775881,8.5836816604775574,8.933314142178677,15.784671901702374,16.966026479001719,17.784426116211012,11.193040619987423,19.793478654694074,20.363547755415876,21.619768168920523,23.200152086589487,0.67876471984551223,3.8556950110576493,0,0.017753254491638504,0,1

