parameter,value
function,WFG8
dimension,24
population_size,120
max_generation,15000
parent_size,25
child_size,95
seed,1
constraint,0
mutation_rate,0
learning_rate,0.0020833333333333333
M,2
k,4
l,20

snapshot_generation_5000
index,x0,x1,x2,x3,x4,x5,x6,x7,x8,x9,x10,x11,x12,x13,x14,x15,x16,x17,x18,x19,x20,x21,x22,x23,f0,f1,rank,crowding_distance,constraint_violation,evaluated
0,2,3.9866039047917088,5.9999094886166233,8,0,0.30460213957071519,0.35310365112565334,0,9.3162539573564818,9.4274968418880238,10.541080361113929,10.47861999143184,8.6725626161273048,6.8641886357433179,9.4998672645589259,16.162765888253052,12.686495828121028,9.3129193805516248,14.517660787642271,18.27864219377474,21.789129718970191,12.51081283095483,13.42557421826217,14.729030394186889,2.2976097591976199,0.30289583303072604,0,inf,0,1
1,0.0082956104219649371,0,0,0,10,2.2964533786838324,6.0966703994992679,2.6746444783314209,1.6911583371941237,1.8257609707652713,3.5493564715288057,2.2866116428844192,1.9115204841994045,2.9651324907603289,11.184457475595549,2.1789553987774353,1.9085510792392075,1.9754111331984467,1.835340778315717,1.9689249188046207,1.6330033361540215,1.4640130407057659,17.328185987426668,1.7469261450309597,0.18339092760790146,4.1801279442198256,0,inf,0,1
2,1.5505297242473002,1.3493174066714413,3.6864495577229865,4.7616968408693792,1.3341333183512334,5.5391125743273264,4.866435187840338,5.3580134019745236,5.8962152407328299,6.1201577329064918,6.6056410702079811,6.7466573919367274,7.4629540995702568,7.4039282369395059,8.3459683406468006,7.9092869072648009,8.1612325364901341,8.697365998559091,8.9114754091320503,8.6817386504753991,11.484148743271007,9.211306641851106,20.616870566834464,10.494044625419969,1.6736873592523063,2.5411905008237627,0,0.066046435502174955,0,1
3,1.8868380998957732,1.4478752164144042,2.9780583117220387,4.6311833931770154,0.91044970291087224,4.069973974743835,5.2517199465098248,5.0649549239450939,5.2471635484347905,5.5728658515123879,6.1894139783221291,6.1266390504390369,6.6916570321899203,7.0224064979782534,7.3477274608573948,7.770588968630741,7.7777283038572342,8.4237212245085722,7.5914799766763608,8.2447771345090519,9.9609734678831643,8.1332283003666248,21.377089982915571,9.5063814522102206,1.6998199083951446,2.4664649069694091,0,0.056401592161950134,0,1
4,1.5002279890051307,1.6349339490480717,2.7583741286756411,4.1405519989618051,2.0754368253530151,4.7265936681404055,4.4463095647675885,4.9477388150815962,5.3236152556082139,5.489773561665559,7.3961615875388818,6.061588626623629,6.553216802465192,6.5751107782538609,6.8492923276459914,7.3656912950870481,7.4728108708050192,7.8281591467559632,7.9825753920267806,8.0902166358853638,9.672462274811215,8.5576556556874781,21.119881884786299,8.8490209524491448,1.5800008906268406,2.7654723218671045,0,0.050850036574382598,0,1
5,1.5651989201164835,1.5319086262575163,2.7600301277629304,5.0978021177350392,2.1197622767514979,4.007850484336692,4.8306607490375644,5.2740765405808689,5.396627384085793,5.75719638022575,6.3545606214929524,6.4380515935458913,6.9615005374218564,7.0394785518518663,7.6005238752835131,7.4365739006132552,7.7664334922300471,7.9939604598285321,8.0999934332126866,8.7947514331890062,9.7658673584385998,8.0442647591200664,20.67541645982066,9.5873543159209689,1.6361248250643969,2.6057328726229794,0,0.050647496523823103,0,1
6,1.5866702840785041,2.2392921143911013,3.2098166315728953,7.1620718130681986,1.3176817324752674,1.0382598625057147,5.8019291359230021,5.6230093032474713,5.8556237515502021,6.140250845201507,6.7795488824525343,7.073168848476092,8.4044822666608496,7.4925775125448535,7.9393775460000997,8.6191206041017256,8.7070899883241211,8.5602347456666976,9.5702478855025834,9.8939629916113123,11.895373402967177,9.4861003042812282,19.851577059204978,10.681979843222928,1.9151854519580436,1.9783091714803285,0,0.046659427385940845,0,1
7,1.4597686148107256,1.798919491928155,2.0608347685042805,3.175515286353856,3.6239479233801379,3.4255950206897912,5.3252052828992884,4.1344570685671158,5.2023968130790221,5.2679319869620054,5.9312339923344926,5.781125300804975,6.222658639605311,6.4675429335689056,6.6943789231809649,6.7345677496826859,6.8001526497248097,8.2640981362900945,6.7881040400822235,7.7921128357927429,8.0747442440960402,7.3143432341901953,21.568182143020831,8.912581058533581,1.4243683542533347,2.9711057221450083,0,0.046524402548321915,0,1
8,1.2632543101755584,0.85749735838502428,0.18244473614794826,3.6019772568441235,5.8101948100815664,3.5507171156642361,3.8683982920980604,3.9566688258713745,4.1641804088137198,4.2270656134429174,4.8561771661881066,4.5502779324682141,5.5830220037262297,4.7108560405707927,8.8421784331163771,5.3173159910566916,5.7115433821563579,5.4319369650901006,5.5518527315162158,5.6835933565616203,5.5536942856928855,4.831618071982251,19.104160381025189,6.4902446517292294,1.0791970219700018,3.5530761157203115,0,0.046245295201348076,0,1
9,1.8956371093821043,3.8439621702141333,5.9071014672720876,5.7545995449600227,0.081502385614861048,0,0,6.563943910811882,8.6660968417884092,7.9540073233510231,7.7713989480142152,9.4510149350921466,8.8119477987904933,8.2557826880170531,9.8513462775080889,9.8345309926935869,11.851007563631139,9.6532635420781183,10.507996411884617,13.417407011113168,21.880793822351418,13.469312707103217,18.272522291784139,12.330258377179474,2.2222878315302994,0.85148400463177942,0,0.044445742567227053,0,1
10,1.6745797394424278,1.3447513225881735,2.930282850774959,4.2773031115985791,1.9848202224267983,4.6814567822259008,4.5030378526288919,5.1071357946458065,5.3730184109406967,5.6786852436183457,6.2728061236892847,6.1663961129202107,6.8467995417399248,6.9166967472528578,7.3637452265182857,7.4549592373787732,7.6757406413525828,7.57636471935513,8.1268543825459805,8.5510929720519933,8.9680227162770674,7.8911763457403312,21.10085852183974,9.2319526857288299,1.6053474705516184,2.6882566347450854,0,0.043556073983279417,0,1
11,1.2712679219591634,0.65329232888238797,0.85146164704509997,4.2410923172004686,4.70121015910851,3.05407887290048,4.5594208880396012,4.0225407101807766,4.1837383155259253,4.2363942792888665,5.2846494790830336,4.5454553067358834,4.8641623632478517,4.331798065450954,7.7256721395794923,5.2468731436989025,5.5007092128325947,5.4669490362365476,5.4320499892297684,5.5155913326844876,5.2863196587463293,5.0744217013570703,19.851665282179066,5.7465790576570619,1.1639916943489177,3.4228252075004306,0,0.042120135851908179,0,1
12,0,0.2534097497654948,0,0.21064420860023625,10,2.5251354203867042,4.3168759934246648,1.9640449544443501,1.7114954250595735,2.0212911439403358,5.2037066662282827,1.7315560120711413,1.6580048266040923,1.6739262745307881,9.3316530197751923,1.9812578864898753,2.1763782719625482,1.9119414710161604,1.5171328189405191,1.3281935458479817,1.6566793091734497,1.4574455044009644,17.314423366515427,1.3899591723948133,0.23947016924778131,4.1665674769567991,0,0.040647504855308145,0,1
13,0,0.46112302758747292,0,0.95198960201072413,10,3.0750193684777027,5.1040686993700835,2.5554818380239994,2.2386144208004843,2.4419767139735722,4.7244548069012628,2.5300135565873858,2.6880981638234691,2.8174617610130706,10.101545076108453,2.8135426639416607,2.5903349049887945,2.6417710834318209,2.3810968797167402,2.6964003829938314,2.6007910509025325,2.1501494399435606,17.215106889272931,2.711328117853308,0.33872368568903377,4.1380639430073396,0,0.040493748594812112,0,1
14,0.081177414831276704,0.86361832847863229,0,1.9576530500871341,10,2.5741994685721612,2.5964540229910305,2.919833901852348,2.2961905181761062,2.6129481573809228,5.8574498522520848,3.0518663819918928,2.6147310029282038,2.6250122541858421,9.4482103881185164,3.3819958179264162,2.8781621830203514,2.573652836230401,2.8924762737127967,3.1967099139610227,2.8635882864173623,2.3370508709923561,16.621094941682475,2.4064124986088311,0.52793129140200146,4.059599357146964,0,0.04044141278345105,0,1
15,2,1.622647654475508,3.6721636618416467,4.5818516263366567,0,4.4069966183433609,4.5046586482812465,5.2195460667905911,5.7466608472923664,5.958601860977347,6.1711067761549412,6.8025136228759164,6.9014390424418561,7.4099609126964916,8.5646018855328414,7.7486097097613484,8.2942157259987521,8.3148492724862173,8.7426228130169434,9.1584258919102286,11.343899671252775,8.8389425660646719,20.773008453630631,10.212221993190219,1.8293473143215386,2.2308194195360778,0,0.039198141928543755,0,1
16,1.2095788036613888,1.4601741007418494,1.9009097192047302,5.5054490349940526,3.5414143043324944,4.3149110070472085,4.9069677659418387,4.9767176671352447,5.2142125851749501,5.571138415973004,6.6798279364847515,6.1991110865796379,6.7638239740944854,6.6124871589699916,6.9753075204021728,7.3577584784306787,7.5437389722590273,7.599677781796645,7.661138925606048,8.2984409535484467,8.8547926537969488,7.9607800968444522,21.121428342656575,8.7589217576970437,1.4395916518379817,2.8956668198228162,0,0.039157962358734769,0,1
17,1.7880642681117991,0.98542199355731097,4.0750794532332133,4.8551951713454393,0.44309940592268071,4.1687390238980457,4.3938731033853333,5.2233102059301784,5.5048408299995897,5.8519385035996017,6.0471473169342822,6.7293938927863621,6.9815332616211601,7.1690134554612888,8.5931614494576394,7.154951730428837,7.8167820220883089,8.2688440504854253,8.1825933871024947,8.4050475286453636,10.794620972224735,8.1867026877249298,20.269891498511715,9.4678562499819527,1.719730478907465,2.4069461775273688,0,0.038167209552185909,0,1
18,1.2904958376216284,0.28279071744241957,0.54518174103329275,4.6219647976048162,6.499186982688145,4.3723431104244197,3.5980660650930907,4.3767339554800051,4.4983443034843971,4.6275204323009875,5.6161309600741003,4.6991129526284912,5.6163818576513362,4.7787455298219248,6.5398712093648728,5.1885714802297782,6.7565905582512986,5.7791756064334319,5.458533497012894,6.266868186170667,5.3639290566876436,5.26353685559525,21.104221640763672,6.5946794262743049,1.1289852280818253,3.5175246102132145,0,0.038019783046782066,0,1
19,0.50394580723397442,0.14064264995798736,0.5627152168326377,3.9803081813282377,8.7170942038222901,3.2982753979960004,3.4795147423232629,3.8299192407538531,3.7021220363768768,3.754658061959439,5.1367464769069722,3.9969939310093077,4.5514306345415827,3.9015546421619964,9.1956623091612695,4.2270702413685068,4.8231284742573184,4.1888101465772367,4.8943707089509303,4.6549403123806048,4.6019357764239315,4.070735164154474,18.571894717435807,4.6235411363754695,0.79137407074958555,3.8793807589453948,0,0.037796930420074357,0,1
20,1.5999725931982367,3.6987577705351544,5.6832635776693019,7.912206167892573,0.021277535441743312,0,1.2461261937807282,4.2637005616800732,7.8046885171175422,7.9143588628741224,8.4629365521956963,8.8289809060942446,7.8187475804676652,7.657721067155439,9.1599158986353597,10.587102811669698,10.828147689280831,9.4046453709850155,11.568600431148152,13.076547013482575,19.267738467084687,12.133266962441661,18.139536301379014,11.555289575674591,2.2448529302785958,0.79362353713219491,0,0.0372236517320833,0,1
21,0.47283352478083923,0.86170052296490374,0,3.0034418588031393,9.8321147082820293,3.1763983893289809,3.6305488082331423,3.5517941799739612,3.6204426509829415,3.7357480032660439,5.3369737312686967,3.9033640222173567,4.6182952114160587,4.2147832776481815,8.5998258840142281,4.5525918605742621,5.0186852299099503,4.6181156389568736,4.5252498784327564,5.0375991182451356,4.6939964953629385,4.3805877373186579,19.25402692826243,5.3314531299352632,0.74611255601264537,3.898513452542899,0,0.037212059138927563,0,1
22,1.1612542694404866,2.4408337203225243,0.91289150259620955,2.9867345739894664,4.5381980049643857,3.9380363386997073,4.8342308393520526,4.4240629932995201,4.8520381786717444,5.4755704199863864,6.6436285952792273,5.268404254021462,6.1124259720112937,6.4226051363576584,6.5751586207350101,6.8258902364940379,6.8930191708103319,6.9720026345357624,6.6115045200145195,7.5033663507954858,7.1440350055490525,7.3102571910097147,21.800272257058108,8.9083642717495337,1.3097330722219969,3.1868278012508817,0,0.037017622676687664,0,1
23,1.7721223897545049,3.602792237948591,6,5.325817235542428,0.27559024009305194,0,0.73955414886207937,7.7543659495705679,8.0678878733187709,7.5320971210355445,7.3877778192783143,8.6628102689573243,10.506585196511836,8.1690570436391265,9.5177352742080821,9.8020483131746285,10.902010449713604,9.4620010129126353,10.790510067737605,12.980603564500971,19.730173040011078,13.282810392797144,17.748516374011814,12.724324654429447,2.1591791254841715,1.0586510932956406,0,0.036691052770598559,0,1
24,1.1230530251546165,0.56866723485244575,2.4661458097621884,7.2670805990693417,4.9140174485846027,5.2254001498220823,4.8821917936654939,5.3999649294900554,5.7494513331243606,6.6111698299655774,7.4938502647567642,7.060332298317185,7.7924364775544275,7.7052953377755573,9.246823521409695,9.1233481314810483,8.6380289861712907,9.6590439735093394,13.576955438909835,10.066483402766423,12.886155307490048,10.144195573655816,19.946832593637104,11.064967499399719,1.4790355995124425,2.8547005211355305,0,0.036662175684517039,0,1
25,1.2232720062846612,0.98199296443131245,2.391080795499827,6.3702765769185028,4.1309996690569113,4.3612752789860334,4.7446759050918734,5.6268656024231092,5.7003662937780319,5.7774260919841147,6.2107292108833683,7.1738157198574033,7.1694322588378316,7.4033032058856136,8.4774885439821457,7.3788971967418204,8.030122300182903,8.301101681894135,8.4500625882624139,8.8191911001562087,10.333220757682579,8.1791885695458291,20.189649312387651,9.9085495494545714,1.5138735988824188,2.8412756852825316,0,0.036352658513534308,0,1
26,2,1.9853050894020938,3.1264876412428064,5.7238508051103727,0.14520588549317814,2.8301328167450732,5.0813841183828856,5.3720348314885991,6.1305160372942407,6.0829737880130672,6.4468100552482364,6.544859084986534,7.2117621508404151,7.4924041040978624,8.0487190094894476,8.2145594765228331,8.8971453489329253,8.4477064218352638,9.4197323611818824,9.4123983854158446,11.664790288465662,9.7216869856333616,21.86013352462875,10.638056217636075,1.8929965469094558,2.0447774368228582,0,0.035846788004802878,0,1
27,1.7639102026854376,1.8301289848091316,3.6920368191532806,5.8373868084626599,0.2100935698924277,1.9962480750779015,5.2157476027380296,5.3004497004976239,5.5153573208499198,5.8792064662911461,6.3727318701892326,6.824486475386971,7.8248486607849648,7.2813226508395887,8.269305969882323,7.9839995505570975,7.9874458671738076,8.1985207760818657,8.8458516289308573,9.3194242584227851,11.331453789704844,8.8057321050864363,19.656561063386292,9.5987282456118095,1.8773789860557719,2.1140588678609884,0,0.035828226918399056,0,1
28,1.4076142241960095,1.7483558154243142,1.661623708716498,3.7607355653349224,3.5319827347586923,4.2982773930026026,4.0365407701929579,4.6436772261018211,4.9402748658578588,5.2734221876052043,6.5804992433984886,5.6130498022681916,6.2508744488375525,6.3289883090392722,7.168249883750919,7.0207679407314991,7.2153147641551882,7.0405800513565948,7.0796552155373336,7.514124055954726,7.8889374140056692,7.3625113969720459,21.124913181446303,8.6625176695679951,1.3952788880151714,2.9947882582753804,0,0.035247460612227874,0,1
29,0.9473943052856606,0.35807693549940317,0.5501588126219632,2.2945501704418634,6.785695873467299,2.485895814411379,4.899782162691384,3.4675666954995301,3.1499376154861864,3.6309885285227717,4.4855390401933501,3.9132023940244176,5.4579535148504883,3.973314679960656,10.306085883822112,4.4405060693716685,4.1087641526367529,4.3834638784605895,4.3087361706224696,4.4342355489668925,5.4770993768871152,3.7510827235975697,16.400941911928989,4.8812247361406946,0.84204714004945935,3.8487353960965862,0,0.034912589466274853,0,1
30,1.443974830576281,0,1.8906830865896522,6.1355091511078745,3.1602627846955573,3.7061681777221898,4.5125918482388769,4.6976000166688294,4.6721085692221198,5.0227805906444178,5.6537096869213199,5.7274328712306568,6.0085019829421853,5.6600049178787213,8.26371676627463,5.9055077457085856,6.2711172767648593,6.3100922315359584,6.872266025536752,7.0057691270456992,6.9561361028628719,6.3403063741197005,19.999540164911611,6.7323597074471806,1.3536768356726774,3.0898683784330259,0,0.034725533143278212,0,1
31,1.5139234205112309,1.5538727883025045,2.2575468735794955,4.6335637750127017,3.9671954709617712,4.5738830536244279,4.9339924357271165,5.5121708750935028,5.9557964830771688,5.8899710195461878,6.0532879150765595,6.4459034661224228,7.0573427291000854,7.5834655186480289,6.3842067191339344,7.4762320454815976,8.7216845850715607,7.9664430080287563,8.4621338448328132,9.4734149583936009,9.1541538901115196,8.1949657522700878,22.509585363186808,10.169499800939789,1.5633772915186619,2.80844558913547,0,0.034416081775682741,0,1
32,0.055364497827142881,0.95369900056140255,0,0.092975225365664826,10,2.7239348839175448,4.8485083022274145,2.4802992574277583,2.2413378715497707,2.3235399661131808,4.8361926818212773,2.3053629869198913,2.4708560557470989,2.757604462215419,9.5375761275693236,2.5293309308170526,2.5830352903488367,2.4014301943687704,2.1432522835581431,2.648669025395975,2.1195550361163029,2.0279140673732532,17.571224762882906,2.6850235868322283,0.36898566300589619,4.1275237822059569,0,0.034375355285793871,0,1
33,1.1839715801066983,2.768832810987814,4.1411925990559562,8,0,0.38875864135816923,5.8254108690889366,6.0104982209337212,5.9713817445084345,6.4819515817913587,6.8945277454792038,7.8841095291629424,9.475263983673484,7.9594691558706243,8.5548192063104338,9.6625055682985348,9.396896930491959,9.5353015543406379,10.234471038690272,10.596585148649231,14.47241933995304,10.427360096836178,18.693173661759953,11.463483956423667,1.9819225133712794,1.7097708421823361,0,0.0342417575889776,0,1
34,1.6895656843939648,2.3021782562832862,3.4864416010265797,7.548326690895375,0.56134986608516169,0,5.1537249809303969,5.804932162104663,6.0203592326027309,6.0894206379427098,6.6967838846538319,7.2873802179441594,8.2346241945496725,7.7375565109761046,8.9344241245800617,8.4326782589445362,8.781605312761652,8.8501249452060264,9.905121254234043,9.8959719689967134,13.110405341680005,9.7569295440830857,19.366094515109022,10.808844257012996,1.9679183168598973,1.7474096435440287,0,0.034105317891848064,0,1
35,1.6134127866698853,1.2130897924398492,1.1922644172890808,2.9717303220403659,3.0078291368139087,3.1450084539330816,3.9185796624232854,3.5647099783691099,4.1698745226680494,4.2883247348039983,4.9846121302945976,4.6615365625423779,4.9080933604546253,4.9976989601246995,8.9821273772702011,5.7097619968783198,5.3349082466160986,6.091695742164668,5.7106661350502437,5.9004601931498595,5.7218708179746391,5.0712241723774651,19.473120858273273,7.0399613856297671,1.2831346016810783,3.2176937485919086,0,0.034075458514533176,0,1
36,2,2.1258954148081606,3.3650816996855104,4.2690791513786035,0,3.9418515678139179,4.6598947597107037,5.123768724645819,5.5838706088891934,5.9273432277641698,6.0672922694862716,6.6667490395578266,6.9304869336615695,7.0965007133058755,8.5791924500823082,7.9914900275702321,8.0437673351948451,7.8139706723490008,8.4599488794377447,9.2144925536519651,11.044918277745595,8.7012581747139084,20.268093836860142,9.9356979146684239,1.8511753809695679,2.190455599108927,0,0.034051808865793995,0,1
37,1.9087827065321175,3.9913340802427317,5.798929746819887,7.1242413845736889,0,0.1372871595765198,0.48137662073204185,2.9135743084916617,8.9946947793467444,9.5709250123386074,9.6383959754347241,9.8866845661812288,8.501567740644143,7.639361823534581,10.372607045569152,13.447088131576134,11.72222602578071,10.445400364009172,13.894266996930154,16.351856250110323,23.662449460677344,13.805473119451898,15.326733348641389,13.738159430157358,2.2675272295945512,0.57249581403158256,0,0.033572795743776196,0,1
38,0,0.75935316306592959,0.035640651734281381,2.8552617864174472,10,3.7821213140515018,2.6363863345487895,3.0755750944520148,3.475291016103105,3.2611284274396302,5.8345902285262046,3.286308071492678,3.3009921254940062,3.0478050665751222,8.7881633546905285,3.6542932428730128,3.8688874601979348,3.6125298148129428,4.0540143101512465,3.2684575392396789,3.0414005045139834,3.4464437730847397,18.772456296354701,3.6371355330702593,0.56218761740576251,4.0376659968560809,0,0.033505209139257357,0,1
39,2,3.9776181502728782,5.939497436198133,6.9033744050695898,0.12552984231262154,0.05324002227199065,0,2.7328085553659216,9.125462786550429,9.788100734729742,9.9815247479807176,10.377068675374291,9.8669590995698719,7.5690619739454004,9.859202456138723,14.382102708071956,11.911966068831843,9.5653668762081381,13.952634381581875,17.515310692324107,22.624075745956212,13.610300752328005,14.080750389798659,13.878318618231184,2.2720908738493528,0.51549523143984011,0,0.033334312369112766,0,1
40,1.9247415076305527,3.8069256826954367,6,7.7614925971663,0.013317349785604607,0.29481240498133965,0.70888949670842605,1.2912830851043298,8.903559774134413,9.9197529740763528,10.378397591128209,10.251014084165488,9.0268450967105665,7.4702774381163639,10.275094953974589,15.070223975889961,12.314691859986663,10.081184352102204,15.513794341602335,17.960501609779335,23.17917379088928,13.405768443943879,13.987534402939385,14.612656155932264,2.2771652117113357,0.46092588901275344,0,0.033325078315502521,0,1
41,1.4936464912747081,0,0.30406707170113656,5.8095148394161846,3.6329440715231236,4.4008531297425586,4.5304003881786636,3.7047977281783231,3.8937454579270896,4.2628313566092446,5.2187255124833039,4.479581475941921,4.9481117151909295,4.1467889468874573,9.0563547131578979,5.2907383131427776,5.4695593551691033,5.3513379695960541,5.6435742934247601,5.1276149159606623,5.4768378878347059,4.5258109820900003,18.900591200005792,5.658069237446318,1.2061489423740186,3.3846465614174002,0,0.032645409107694257,0,1
42,0.13765737676257533,0.8365845128542112,0.081850858788246994,0.22876950053932676,10,2.5582247634136497,4.3646808214310751,3.0087810425717194,2.4884518650881602,2.4902853337652129,4.610049965061922,2.4712771463968286,3.2131555731231312,3.2625959315825535,9.921216219587869,2.9503793905809257,2.8451355934551175,2.7528792461747686,2.843216895438986,2.8713924607875443,2.3587107496402924,2.3860085991701117,17.585079027322742,3.3086238228467284,0.40051354549695695,4.1180981476087153,0,0.032580206806523328,0,1
43,1.4734282235579146,2.091277362499961,4.8054746209788117,7.6068953257644116,0,0,5.8105462649186617,5.4450539213980713,5.7135587332979441,6.1407377822531251,6.7722471973762683,6.9493388424181788,8.5663523644696955,7.770342121894199,8.5707906291931568,8.8764372804271652,8.7808502408769833,8.8752415032816003,9.8939338672295669,9.511508302403568,12.993628013001802,9.8807174281015158,19.754721752973143,10.544854209287717,1.9876343951865176,1.6508034022809981,0,0.032556829266964737,0,1
44,0.21354088531268517,1.0933216362886089,0,1.9653065062390072,9.7617208200730801,2.9787683730645496,4.0113824235456494,2.9318387563378994,2.9434473451432175,3.283265923897877,5.6682064664480016,3.4262893462510808,4.1074534789652519,3.7179265242031709,8.7589545928353658,4.3071069377953135,4.1479971926670673,3.8567399850211137,3.7056603333818221,4.6593265347727497,4.014605469802274,3.7504056477420256,18.186786519726137,4.662230443336127,0.61371443733982312,4.0070050894881195,0,0.032368196017261756,0,1
45,2,1.6362236564632855,3.6405786305015386,3.914762634853755,0,5.1577947630144791,4.6362348879330915,5.2952897240452019,5.5240737614178865,5.8635724693333664,6.2275702011613605,6.5439032572098679,6.791556264936303,7.1735947286606878,8.3453360832999373,7.8590965238827595,7.9502882176912397,8.1808659400659387,8.385613881253331,8.8387176783043433,11.152148413710497,9.0595289354323629,21.062088465740608,9.7158516520630283,1.7539882009326684,2.3043303349393627,0,0.032228080235441395,0,1
46,1.8169700327038807,1.465430006010469,3.7439150693936445,6.0135095758009207,0.047456710315864223,4.0765750037187525,5.2381194314350008,5.6816577227718552,6.0548851586681787,6.1512622683853424,6.5358961051289821,6.8271160909704998,7.5229771646029731,7.9824106117886595,8.2484220178065577,8.2367203064740018,8.9189372284797273,8.6296668751296206,10.022770295208655,9.7495117974216949,11.986747045492805,9.8742169368749835,21.620763620164158,10.721962519742076,1.86149725521469,2.1577519153188547,0,0.032097924519192543,0,1
47,0.96699146308605854,0.30179082244051875,0.47093892761260581,3.1609386413862763,7.3947411625320267,3.6813540280712496,3.2004724496916825,3.2152353387781645,3.745771368125884,3.6259675490035446,4.479557715651687,3.873809428407855,4.4576291020474672,3.9302055273293224,9.5992253598780675,4.2035305474217148,4.5517099917125767,4.6529929767167353,4.5732902407353047,4.6261501753567931,4.2022913401230637,3.8097653470975583,18.918847066764851,4.9029316296569121,0.89071338757044083,3.7774405713334178,0,0.031960338675212856,0,1
48,1.1306670630556865,1.5446258006375364,2.0273234483112081,6.2979159215740328,3.8468015680712786,4.4197448924857419,4.8665958036003891,5.5015337859697766,5.6224146854869712,5.9220700254126202,6.4904743060488013,6.3733835882183509,7.0231636641357511,6.9597908877853047,6.5632646170981026,7.4184313077103923,8.3154181555237656,8.0076717659389249,7.8409109394111542,8.6818653860249526,9.1063445591312746,8.1111064761101446,21.915473573548141,9.7393010340490545,1.5404660593081048,2.8264091642326838,0,0.031882054779657672,0,1
49,1.6439310556192297,2.2611179822665366,5.1337203012645833,6.6881849339374417,0,0.36316389985216729,4.3922196532265048,5.7240773505318394,6.1141485924509658,6.3224869784927895,6.8087785971431005,7.4220901613128065,7.4555747293792693,7.6309117425377497,8.2245345100694571,8.0311956384575982,9.7595947687473004,8.6286501311877775,9.6465750417150549,11.10013078868867,14.927688265045601,10.170730763201112,20.139110144943242,10.426575145758886,2.0583032056883428,1.60325690585485,0,0.031766425813880339,0,1
50,1.59065012823012,3.2560566187135995,5.9050700705969108,6.1299376216938439,0.037792940974194202,0.064242763410484613,2.2586221644399238,7.8385025834410404,7.3821609671749142,6.9006601307395083,7.2332907476992281,8.3181530052287194,9.735110540452288,8.2154356410937943,9.3378500949687258,9.4462824799874827,10.542123296296808,10.440910160112544,10.347285360813796,12.267927154097483,19.440482259198429,12.636760488222508,18.042403963768169,13.12394936692321,2.1337592328215211,1.191764888290799,0,0.031744396129913213,0,1
51,1.5525538944188828,2.8436405278669876,3.4193411840889727,8,0,0,5.6848522257837191,5.5505796540307362,5.9386878736702053,6.3616287836095937,7.0153400750699149,7.7392830078371579,8.6474500716930756,8.1909914505106833,9.5486680313380106,9.5049083614025776,8.898939903439949,9.5878756890519554,10.279082359010241,10.169747312147503,14.930583530868661,10.338007457358536,18.461818565392271,10.938781974156649,2.0286271685085939,1.6117026957112039,0,0.031041959676262852,0,1
52,0,0.65820565330902026,0,0,10,2.0768709005129713,5.1594327621339975,2.2761540026475449,1.8423665521290109,2.3104302113424158,4.4428948837080888,1.9016693758668879,2.4377033870126685,2.2225718640478025,9.9858801542886315,2.1634032587000638,2.1698074844407174,1.9385896970289971,1.6309825521054422,1.6722342874618548,1.9638858164672981,1.5220370906197238,16.845473700200216,1.9310044049496464,0.2926223108139076,4.1551254828134541,0,0.030835508981394023,0,1
53,1.0266381379425058,0.71096139666781399,0.33417757356286154,3.4066663492661826,6.1333177788006568,3.5709811286868574,4.1118728644879381,3.4162063016627924,3.6682088660926189,3.8786195117972682,5.8861344254963717,4.3535093101181985,4.596443800999837,4.2061506407959044,7.5165712978456067,5.1832016244845986,4.9526296603232192,5.2694682903439638,4.7062229759878917,5.4213746928091178,4.6408552677857813,4.6968962988134688,19.482138609261469,5.3444089443406444,0.98303419194385488,3.67765429284642,0,0.030195313883240149,0,1
54,1.820479704609747,3.6583077597839937,6,5.9599419187542066,0,0,0.49110316777744462,6.9025165254493368,8.7531529259904257,7.8899444961156284,8.1007329696094974,9.5177829215596024,9.4379037891814228,8.1136869930652225,9.3751069120838935,9.7866111573292329,12.264340068359569,9.0676362786217428,10.928604061292834,14.317683147008514,21.558821463423072,13.599341233259462,17.95366167731763,12.661816172433292,2.2207564132943993,0.92175978019931415,0,0.03016994780477144,0,1
55,1.6274267935429021,2.1392721529210119,4.5173627073765097,6.4665950490644182,0.70002140712531713,0.26089645240299841,4.8394307047739762,5.528860731470659,5.7102721180507503,5.8610383566395052,6.6376745660837484,6.7678339508142242,7.7545908887691324,7.1611077120031501,8.7616356684537795,7.9470974855003815,8.6305845029172499,8.7415922218310822,9.3080004893057851,9.2981380355329541,13.200985404789707,9.710156251288053,19.702927172012593,10.408883254480864,1.959326356436387,1.8005663449600344,0,0.030076959432762777,0,1
56,0,0.13821114773322962,0,0.13819389626033884,10,2.4482131934577924,5.7954686015843047,2.3157191819081295,1.6722107773461157,1.8871685421452007,3.8283122236039757,1.914457849125387,2.1645703379531138,2.6975491888813723,10.733783821030228,1.9531784069207174,2.0828237479238325,2.0223694292879775,1.5448398558758734,2.0253338749697742,1.9296792197032475,1.5217337946644565,17.430572823767157,1.7749006973924355,0.21871102891771282,4.1771805757698752,0,0.03002226550334779,0,1
57,1.8593630030325465,3.8320370708521301,6,4.9083330677652564,0.2604161508878296,0,0.0035308378387788331,8.100399440386747,8.511500111094378,7.817873713740318,7.4857572392157188,9.0490841793560612,10.427203233797508,8.494527102899772,10.142843174512953,9.8343714219491964,11.261107850461144,9.5818914176790564,11.056309645010241,12.918148088700486,20.865148930001347,13.911853799544527,17.935041518434392,12.872911232843576,2.1697134317722071,0.9864168075395966,0,0.030009480678304508,0,1
58,1.915863393643445,3.8211109259899128,5.7350594189867747,7.216327180745103,0,0.1976511432083092,0.65558326231423603,3.2481408519458599,8.7983046700806735,9.0450682854522455,9.7397335140280283,10.108240183434194,8.7899347830171131,7.4016702377439989,9.4708207372241411,13.435674054109525,11.761072460593724,10.415022449876325,13.441758647305665,16.221175948032275,22.449214757370363,13.301672905734495,15.16769406067896,13.716562702708266,2.2643949359305471,0.63155129566039436,0,0.029782152850495361,0,1
59,1.2532685199573903,0.5163372230249812,0.9933660685095701,2.6283776380295425,3.8992617507726699,3.0656461059961284,4.7119347644354797,3.2110829409431383,3.2215946511974374,3.8080529382459654,5.6421382283920849,3.5897795077184629,3.8989017040779252,3.7036389590238952,8.3357294173386531,4.4348373575275453,4.0735156679679259,4.6631773038320992,3.9450949541702842,3.645193871713273,4.1114165595544661,4.0259117821551049,19.011409811386216,4.5125523798470839,1.0340355775300116,3.6191753989217377,0,0.029720460812843574,0,1
60,1.6359195855709088,3.883140520542586,6,5.9109874768159267,0.14901464416893351,0.054709468237473566,0,7.7457886802394516,8.6440944228129943,8.1195051600860069,7.8406194906430908,9.4096314407814408,11.976239396514128,8.3081425838846119,9.5054588354788834,11.203328524039204,11.396781164281711,10.134388918082037,11.856457805691077,14.110498043359961,21.42064247844803,14.32154182170016,16.397130277480311,13.54365182151126,2.1847341253834327,0.95681423193103843,0,0.029498430920604755,0,1
61,1.8249323654681056,2.5134804507489683,3.4142141564557247,7.3971003689859982,0,0,6.473205440246895,5.5535543717590876,5.5790489193969073,6.1540426512569777,6.7434102724576341,7.0097167273454373,8.4586950216066015,7.8974331003753999,8.092318451758123,9.4203102708299387,8.6204182311728594,9.6520905239159021,9.5943618568525242,10.052971390605745,13.655553304038126,10.012366201380026,19.759409728234413,10.632689826155669,2.0070271811016669,1.6295795070643411,0,0.029473783064324011,0,1
62,1.5971859645343427,3.4412929858409345,5.7439967288804503,6.1963276941511385,0.0050751584416148243,0,1.9182016846807548,8.2691080320309158,7.3755598977344476,7.1330827786209934,7.4033788951354396,8.7237759317974337,9.9349136534905274,8.2737206120428937,9.1958330602313314,9.3781015554746769,10.230786962005761,10.826700045320926,10.410890865433268,12.208318663274371,19.629902269220043,12.734432956845151,17.695945774540064,12.848900131933277,2.1536873761335107,1.1584915450069428,0,0.029306764171817167,0,1
63,1.7062350779587594,1.8744152123156661,2.9529836663514,5.2947947439370004,0.065952069232286026,5.3914801225087698,4.9633280433028553,5.1200623663280265,5.5512619220013404,5.9719088777216731,6.5479018186431963,6.6969474551041523,7.1934700700615624,6.8796943773602308,7.7333821554273401,8.0678986439344182,7.9615170911047191,8.2963904263887081,8.2298691605215257,9.0867534312282583,10.557642928373554,8.6056062580477075,20.342587195678622,10.189487124035649,1.7444720354555381,2.3460680119629287,0,0.029270831329571985,0,1
64,1.5081798150845298,1.9884190815945384,2.2621281205856212,2.9526662013939902,3.6945084239634021,4.3859789907968283,4.5622571346697454,5.0707992315990644,5.6697196979739761,5.6464362341550407,6.021279328114856,5.9316419450404858,6.776206913050415,6.8629765179865156,7.2041847110023465,7.0241592557804955,7.1979259764036696,7.7417322459817974,7.7157104483640984,8.2362269934238412,8.7204883459194082,7.7576235690553617,21.091634211555817,9.3526327553202933,1.4529088723209784,2.8716212128313479,0,0.029222373180758546,0,1
65,0.56104737252689674,0.19275829039701542,0,2.6628534649409659,8.7085593310694307,2.451297878172173,2.8817221231168419,2.9116294352248389,2.6439229342115618,2.886861503940545,4.7232945300960969,3.2848012422889385,3.884727218083694,2.7437340101084264,9.8050377015614458,3.6237616338894174,3.5261983703922812,2.9367240574022673,3.5471989293617252,3.6146171291910409,2.8670858950724125,2.3060455760452929,16.60365882110835,3.0590373976814127,0.64529839830299007,3.997295551615677,0,0.029048339327431068,0,1
66,1.6480863090025033,2.5658217854999519,5.662756812671832,6.494346021598937,0.63129128130911016,0,3.1840906031960206,6.5524942049423052,6.5577032312735026,6.5385112220998378,7.2957781885375663,7.2526821398573169,8.7400133309106476,7.7826245835417609,8.8916754886619422,8.607838433702943,9.4726661840279665,9.1808673784868908,10.27019307392872,11.203177672707247,15.783576398152491,11.124578385932189,18.986480637758994,11.863021987292258,2.0978717741417885,1.3952339871256645,0,0.029047998936772419,0,1
67,1.4544094543915578,2.6617390727445724,5.1881232199773075,7.448497386030839,0.16765575436741254,0,4.0755340784854397,5.6887469071471468,6.2021918977646804,6.4535347689935429,7.0059471297044702,7.704860408279127,8.5530921209464736,7.444487240454432,8.6479022010465467,8.8682083203147766,9.5985255489148233,8.7233726024604561,9.8875905713862213,11.024780047343279,15.017226450621608,10.287481359400825,18.629041592021395,10.868067862602999,2.0906062466509958,1.4447321331420002,0,0.028947787185879901,0,1
68,1.3980760190521349,1.0674173837668397,1.6944357000124548,4.7127598040611547,3.1624178137252676,3.1977513631129875,4.6969295133344726,4.3978613382761012,4.6181744241807321,4.7112247764380131,6.1729975421834355,5.429553791610247,5.8180286801947876,5.4379716293001312,7.0808836705026525,6.2892527797884927,6.3843360937594458,6.8155005744604233,6.3335176053408411,7.0204166568808635,7.7821034553934192,7.0803581449710951,20.650268696720474,6.6742440293910006,1.3763502899764335,3.058413493558553,0,0.02881955802604624,0,1
69,1.8327116744596941,1.0193168718050658,4.3201214063082993,5.3596631967731341,0,4.9673754157417003,5.0271221850192358,5.2948531237440699,5.7376098402989042,6.0730800288220417,6.1137562428404841,6.8530046442882204,7.4837001017653915,7.8270039705176124,8.6301933561753561,8.1667091044571158,8.6350787394659463,8.4978130288430584,9.631661337201292,9.3418445584589254,11.229043283292912,9.0898688695717347,21.093325705732809,10.653745868820433,1.804836269321388,2.257455337753703,0,0.028505888098155414,0,1
70,1.5585678966376211,3.0994734815800737,5.6992610037779174,6.5890222917246666,0.15329224701568628,0.12937463809663316,2.4821690154103679,6.9913353477536972,7.0158936294590246,6.9329010023733746,7.1810761678606809,8.1341308695821031,10.686892540864518,7.9498980777664379,8.832716028931765,9.8324691158002011,9.7557335758435126,9.7299783998455425,10.556068347487875,11.396563303867254,16.770624839602291,11.919978163806777,17.764299509616023,12.017512535195694,2.1316114703880444,1.2448047305389447,0,0.028436607178069423,0,1
71,1.3627934557998793,2.6856824623429416,5.1017932964308681,7.271329878227669,0,0,4.9304411669201276,6.1037335646948492,6.1578885967920085,6.3005794188047455,7.0350414049493946,7.4473145747042073,8.7703431246193624,7.3639123052340505,8.4698362928056667,8.6030469324671426,8.8781863172279607,9.0202252895824007,9.6999843777689403,9.8459972232389568,14.069513945364047,10.421248660737884,19.011237619324408,10.665715089044927,2.0612194428064869,1.5483073402077527,0,0.028280663911637,0,1
72,0.64204343725261981,1.4928416494071814,0.22207729975847304,2.7214647253217734,8.4101924664851424,3.6467869695075836,4.0457076220063257,3.9266745063619708,4.1881613813799277,4.3169370266442533,6.1322365134044876,4.4069558008662,5.3511804013204269,4.8987224237092759,7.4645741516394271,5.3319633715066237,5.5020878905853694,5.6811250323929361,5.1445216768344046,5.6897636131048159,5.6502456696867958,5.4463871071694561,19.870207837327296,6.4706243937646013,0.91673704450712035,3.7509822246011177,0,0.028183270076970308,0,1
73,1.5729972352053641,2.9302284305888229,5.8560955210289478,6.2337765212970107,0.0045104314207137786,0,3.7536928877782545,7.4824147868493576,6.7572772991808039,6.7982645931621519,7.2874101224939043,7.7831913193999513,10.322910057057829,7.9101371875920679,8.9892183084341362,9.5280766455152914,9.4345252223600262,10.108520777786259,10.073864071922745,11.962639034552897,17.234332847508252,11.729179809122941,17.233258328509351,13.045018670633388,2.1180234227036077,1.3232603585931637,0,0.028170522775052286,0,1
74,1.264399514819728,2.9163914532065522,6,7.0802540493659443,0.42367343708955163,0,3.268691957772254,7.1763096278228105,6.3007839167795643,6.3374576108671539,7.0521763679778404,7.6244013094639573,9.5489884947877801,7.8675147478663785,9.3030460730578231,8.4355596458003053,9.8623001581764047,9.635049452595398,10.044017589476363,11.090725118293594,16.821208841259292,11.111679452342814,17.915355065840377,12.507810060044733,2.1051324333723422,1.3587456404688849,0,0.028094633362983221,0,1
75,1.3837272448940858,1.0793937867099965,1.3547621932930252,3.1741294051015347,4.1334638186569252,3.3427457181618241,3.3304481938058954,3.9708474690549656,4.1997065003363021,4.2226348588759555,5.7147085392025607,4.6860391346659185,4.5985423319681971,4.6008983686477194,7.3281434331731843,5.1353665306319982,5.0197501839152112,5.5996621051259439,5.10702559800011,5.3075860058139988,4.5094653346502094,5.127057133502821,20.397189553568214,5.4059448379716528,1.2317727604471203,3.3167459616775528,0,0.028052964342900801,0,1
76,1.7363890460868714,3.0522857990854293,5.0813989724201996,5.4740188358800648,0.644530696314213,0.42662568244550148,3.0351617650337595,6.4412809144703216,6.3955408551264004,6.5620408422835412,6.7356863089593437,7.4005126153711558,8.3293205068305038,7.8025772996879725,9.6748509690978146,8.6318715557250894,9.4867011691415932,9.3880752374932488,9.645959126842488,10.752371717489432,16.599223740345401,11.009053334867884,18.782601624999096,11.841551785282965,2.0855090154504343,1.4847994116536387,0,0.027884351955036579,0,1
77,1.6690887978287061,2.2202891257356798,4.4445243882123373,8,0.034338151831216746,0,5.3406311313023771,5.400279983612541,6.1211282927868513,6.2530975750825748,6.6961246739432214,7.0301915663404548,7.4067850141343312,8.3486167461030991,9.098061552232144,8.4976243901704187,9.3974795607707353,9.5271230634531054,10.219599875688466,9.2835227920059502,14.404249749047512,10.453686295722413,21.319418517032009,10.792559193792053,2.0820537839297342,1.5371620133018367,0,0.027868382486087563,0,1
78,0,0.98450428183720351,0.00079228700999165597,0.88927055653975584,10,2.2363416336753339,3.7510795347647234,2.6391251885931069,2.442611573077313,2.6429828503440564,5.7942459678811842,2.6392513382312059,3.2222603892228272,2.6110663765033251,9.1572075172156069,3.2786479270381017,2.7667538282613418,2.7482596896746352,3.0997506714676444,3.1414203403031964,2.8464494889959715,2.5628390067910956,16.621099085816571,2.9682794317104353,0.42733115594488519,4.1082016248062603,0,0.027779399428222971,0,1
79,2,3.9780653344932713,5.8596565041532136,7.6243584041079524,0,0.35256207213203172,0,1.2329086396614359,9.3239829357620412,9.8595669303240552,10.594600727502991,10.234489660657399,8.5838776204498277,7.1698594131278686,10.041203091561583,15.037416433716507,11.956036564928819,9.7296928487772654,15.158597605154508,16.928195959637172,22.644532060387387,13.758608456284641,14.646455838068169,13.629840888250747,2.2790299629725679,0.39901165228164637,0,0.027504430839286553,0,1
80,1.873555418905875,3.9932328467810936,5.872905021718144,6.6264131373529844,0,0.19729553865349364,0.37821370916115232,4.0017708485405006,8.8925988843166923,9.1567647731171569,9.2447206848034966,9.6262162895307029,8.9616940667861016,7.8803882801238805,10.622890910317675,13.224859239688872,11.870918954455307,10.737614768829792,13.634584169190646,15.719313174609338,24.010638104739755,14.241081414276316,15.687633251630663,14.21947901214997,2.2603931899586525,0.67488513218113733,0,0.027496222524256445,0,1
81,0.10986698877029441,0.62300467881534094,0,1.9588972771785698,10,3.5210096565034159,3.6032712559212139,2.4640661160491208,2.9099271093316816,2.6788449250671129,4.7643548193733691,2.9628589188210461,3.4405468338291456,2.8331879903441974,11.452180464853281,3.6321687912519889,3.0192545538596121,3.1542361142629849,3.8388740183438319,2.7795811382690618,3.5672922031757199,2.8178917447874849,16.516402681098892,3.5695373217894257,0.49983573843423185,4.0801206272148773,0,0.027433599416346675,0,1
82,1.5835176073009747,1.1327625179632768,3.8948855343316673,5.820226788494427,0.5285126305326816,4.5622178428077671,4.5588317714335496,5.0783514459491341,5.873164211528672,5.9437105306531821,6.3338059153373427,6.8652420259830187,7.4142441642701682,7.24763190159128,8.7887736491637067,7.5528598949739356,8.1758568645675851,7.977083480078254,9.1601494080753056,8.6581299310788484,10.565677249963864,8.6460543832412586,20.264728631971725,10.027153749632387,1.7296351367520919,2.3731594470698711,0,0.02740390760220519,0,1
83,1.8685397202200196,2.4301569956451359,4.1502279207149728,4.6849526848494278,0.3367479089833737,0.99919052096514749,4.7838712152332139,5.8854539895223992,5.8913862902048919,5.9930865171988943,6.3877723888763098,6.6461477528955655,9.0864553010120286,7.4120457888113842,8.3345749145751942,8.8096476755924229,8.2732302771873929,8.8455384039425056,9.3408890146526726,9.2417749954570727,12.397783247987093,9.8597454056523244,19.447492913247626,10.610663164515231,1.9283451544318897,1.9286932528219345,0,0.027323010409227064,0,1
84,1.8747628695275713,1.5672083762084463,5.3940115178618591,5.105342348647663,1.1530167428822282,0,4.7720648613698105,5.3062576216658863,5.6167738292871716,5.670712113386168,6.4819170872931684,6.2587240361330121,7.4331442300345278,7.3723317024480552,7.9938782783932929,7.4815147177802723,8.6461673176435454,8.5131872219903411,9.1903519712369963,8.8229357981835541,12.296025950962196,9.3794085436290278,21.054856152824257,9.6331552661607294,1.947719498353448,1.8651436599021369,0,0.027094709956297897,0,1
85,0.66622841558147572,2.5603056395740924,1.268382623935675,2.8608495934019329,6.4693892211902559,3.8962271133411108,3.5585423897860715,4.4600452203749343,4.2235444937793876,4.4691565600808456,8.2565727582171213,5.1391083847914016,5.8097795817360636,5.8201192979590362,6.6534790564491288,6.6599357497741609,6.3863426130936594,5.551456232544016,6.2279055990534014,6.9391257861151319,6.4552338408781349,6.6252833258596135,19.429029385548834,8.037659481994897,1.2277471257450945,3.3778078250812751,0,0.026773746771542709,0,1
86,1.5177420763180154,2.9677897237184445,5.997593816785149,6.3936754807909253,0.17694796668786861,0.10292478282477224,2.8417022854896241,6.9896794454204949,6.9621696104178943,6.7789186639858272,6.9933191489434412,7.9514551939656428,10.721319922094391,8.0050785141333254,9.2588160989239761,9.8166885214416837,10.065048395272756,9.6302505256100304,10.536998026451457,11.875855859529192,16.982501369276353,11.663795225075097,17.34532891474722,12.933831050480025,2.1256453948902809,1.2871403771242365,0,0.026661940394607099,0,1
87,1.8978782465010429,3.8927639280368265,5.8856647658932202,6.4466923026157019,0.065945519773904809,0.08018617863967259,0.64418359732236463,4.2189628868044498,8.8423932644861836,9.2718201948193233,9.1642852804710806,9.9100467238504066,8.8203846589053789,7.8227641330462561,10.735124833025075,12.492998668093534,11.875176513973916,10.51644546945321,13.240595222837984,16.030049508109474,24.052319044984536,13.841981196627085,15.326518575049649,14.066767682248253,2.2590390589916032,0.72833847548416952,0,0.026347388881604341,0,1
88,0.209310094174918,1.7508176314569144,0.019395381140504556,1.9152179586391389,9.471369850277112,3.6731497521769159,3.5345205732713194,3.3267070195077837,3.5310966014857597,3.6488301344213205,6.3990019910021214,3.8589814060811505,4.4317677088678167,4.271705591967101,8.2459141996509153,4.8340344001511921,4.6832023163205276,4.4881801762099975,4.464714819734902,4.9380184494110431,4.5734821749253252,4.6305484296409771,18.898038509311341,5.5982369075966751,0.72180418459736218,3.9264333165947738,0,0.026280105429448652,0,1
89,0,0.30377184030668741,0.0021639389676102738,0.77694830630982215,10,2.6802478147879429,5.7562161088521275,2.5130708777467614,2.1381553012082684,2.1596171801567667,3.5984473597632403,2.3535385069863133,2.3886996768934563,2.5643300028082554,10.639041811392714,2.2872094927990969,2.5024763883706154,2.3375788140335336,2.3406247545105314,2.1626574800113008,2.0959318835160681,1.5166682184997533,17.174748404295467,2.1958335301256251,0.29593672895122758,4.1505641723704558,0,0.026205837351203683,0,1
90,1.8505998119759359,1.0534659888713653,3.9688608339785771,5.4627432161132159,0,5.7129662157728571,5.3310823355618728,5.6633852584524327,5.9584533698403996,6.0893804051592326,7.0541380330767991,6.7443963444162964,7.3314596644448793,7.6556233975073464,8.1201663865415021,8.1700321354752532,8.5992962701564331,9.0877283444662584,9.7125192705907697,9.2508455545624262,12.669658576360977,10.381545482964968,21.63192237614885,10.46859392195036,1.7746689474082626,2.2764898984063668,0,0.026097700870835763,0,1
91,1.8900554289769986,3.736448343534839,6,5.4113033881124295,0.14064279150162121,0,0,7.3495160733162415,8.6033464092112997,7.9230905157890748,7.7864312022838904,9.4009242120213425,10.113933932975055,8.4494494808190446,9.6717641917420636,10.123996116329094,11.509414936915485,9.6690184607087488,11.115804749625184,13.238135068058133,20.837993193858065,13.691165404616594,18.030454551046578,12.506886783105466,2.1968765129238501,0.92185848416036131,0,0.026079209775080534,0,1
92,1.5507768101597665,2.407257618908035,2.9689653468678512,7.6900509653094034,0,1.7091176828252468,6.0319709492848288,5.5481731533708674,5.7944652177643121,6.4316523528382898,6.9916017589167794,7.2096682796130098,8.6428250449168953,7.8856744483769736,8.3943339947543159,9.3315727888386188,8.7448137731339717,8.4931054312286669,10.23706825394458,10.21934978562112,12.108675072350197,9.8161382075303703,19.692645029072917,10.980859942660979,1.9371369950335704,1.9126281020121914,0,0.025554284505406137,0,1
93,1.4221189698570222,1.0946118681730295,1.5385226749124332,4.9299827892532617,3.1203410955662729,4.6571661410303493,4.8743141486845714,4.3749087476180843,4.7779675162559592,5.2468243507632213,6.117056832300972,5.4602995669207202,5.9118973633684115,5.9040927650954815,6.7204526129917648,6.6377191411260119,7.0884411106051752,6.9285128477084799,6.7402083056569388,7.7096491010217996,7.2305272421319104,6.997494175199102,21.768976123021776,7.9840856074309041,1.3836999054274963,3.033187090211241,0,0.025362961452552006,0,1
94,1.6759329804059981,1.6629584287532297,3.4528563767041911,7.0912873736982309,0,2.9077735626569243,5.6072718429486521,5.4384758199462819,5.6802756484224082,6.022221066038643,6.6184138132425367,6.9796184445201153,7.608638329284334,7.5834939858085173,7.7990509753269315,8.0911923638442911,8.7577760951940125,8.2375422282242248,9.5756942370549218,9.9526199518352261,11.528696036429288,9.2509251896177993,20.795466362704946,10.013169400983118,1.8912307928492333,2.0733654226848781,0,0.025255703907247049,0,1
95,1.3571109991390724,1.7336955420007836,1.6809348723792108,2.8564371727632225,3.8222681924440214,3.2819218094901723,3.8798513342268617,4.454570898573345,4.7405461473345332,5.0379806932303923,5.9324484779074487,5.172067008252502,5.8007953834229653,5.7668613201586467,8.3376163993885868,5.917565166784426,6.2386095868582139,6.202105421790244,6.6744528439725865,6.5673234097520554,7.361791548029573,6.3870771314192325,19.752297299298654,7.6467503828273271,1.3233333661808129,3.1478877047514442,0,0.024566692463440176,0,1
96,1.8542817142064769,1.442703251122128,2.8364469952059745,3.7541167596026899,0.90353767129726514,4.0857227795264892,4.319777187480847,4.4447481854779527,5.2624620357525567,5.276387668100023,5.8503930012067746,5.8874292780069348,6.2663481846390381,6.368957560864251,8.8078570216840077,6.8329726419209527,6.455064048506534,7.5603529566106387,7.6066103170965116,7.3535019061602132,8.6237031028741136,7.2472409793651584,19.883763198076188,8.6919710739113096,1.6283566566706282,2.6544313500214383,0,0.024189221556387711,0,1
97,1.3635022017541996,0.046973758093297194,1.3449360006227007,4.2251580534691389,3.787264503506889,3.7674498717671789,4.6871372659160899,3.7384637954571582,3.8416425827168483,4.0680907956675165,5.3149123261253886,4.6492834802522625,5.0390755670383385,4.5275615968085923,9.2769353064465889,5.1629466338125205,5.0184132261091783,5.4622188939920475,5.4648497547421124,5.1787442984737968,6.0603352700026845,5.0116537275042798,18.609248348930819,5.4536037857801203,1.1523335140356672,3.4492648510906241,0,0.023739654738250834,0,1
98,1.8698769406620579,3.7011385503507781,5.9202102564253964,4.9760866474707797,0.14465981196120628,0.077348676334691474,0.6531122778568148,7.967832609718501,8.4447820915624643,7.9768920219041313,7.4994014045453596,9.2344908886531361,11.533496430695127,8.2622452293177382,9.5956000597555704,10.421395256042512,10.89935808050067,9.8845701949090348,11.175753431518018,13.386722091565282,20.389678745288702,13.785338202709344,16.862371651129539,13.010307825251049,2.1644212842911177,1.0359165595581443,0,0.023612974152707102,0,1
99,1.8196218223935881,3.824098746477552,6,6.5645252042309634,0.1846467015825338,0.056887587082139021,0.029584857315551286,5.1962561953665753,8.5331685218150266,8.0780179119456896,8.463034725607141,9.3758141953935148,8.8103528304958836,7.8273263637994122,9.5908077959228546,10.867203203317649,12.077174848682267,9.2853998739396637,12.100695958529787,14.746148029559897,21.260473742189362,13.141918356343444,17.325206026808438,13.048223819827101,2.248227777293796,0.75473011862453809,0,0.02354792637008658,0,1
100,0.075406594059436144,1.3514621984877395,0.077250799844926124,2.6794959110274936,10,3.4337537285805348,4.1600019164024777,3.5442500801947339,3.7171504292156303,3.7325960118806218,6.4036570133398936,3.9950888259105453,4.8050329282543141,4.0655780511902719,7.3359586244983017,4.867035657639323,5.3951198222969525,4.5899332648768993,4.8477216324827763,5.1952870915303828,4.7376435651876525,4.5972967530826212,18.923096185623585,5.9210937089272822,0.68168413385819893,3.9608421318578242,0,0.023398159133901204,0,1
101,2,3.9929540538293034,5.8370219731931581,8,0,0.35619128242771886,0.33605966998236192,0,9.3216733425043881,10.153398140585519,10.468569208562068,10.44477673894823,9.0551739435578984,7.1770284563985314,10.159537182343744,15.872825750988978,12.409329209420516,9.7413821808889764,15.11692354115365,18.235868502750307,23.118522893542664,13.194419212556129,13.431230962657606,14.315547717076603,2.2876862290825768,0.33324875322799025,0,0.022924065346629427,0,1
102,1.5932394817273496,0.50006533850744395,0.93863629386486624,4.6130291217464316,3.455297108492422,3.2594408418568781,3.8802127485229922,4.5155195372290757,4.120912240103257,4.6933004367547682,5.9869848341597027,4.9259836359492777,5.4812772140650692,4.7290067367848758,6.4719539227538663,5.641643652438546,6.3385863067001074,5.7139821333029426,5.4396897911323707,6.2838231499639328,5.6712676822981605,5.2308425366041487,20.039165728282125,6.3330338753267652,1.2684187005501655,3.2431804975698899,0,0.022869690614491435,0,1
103,0.80708870670710453,1.316798701141253,0.39506365938267834,3.2897348381855251,6.4723240605673338,3.3776777006189427,3.9114273848003296,3.8100344899236505,3.9352506228344044,4.3775857729666399,6.8097527693435991,4.4742607673644423,5.4324304733170772,4.8250174701775572,6.7510045008803337,5.779229948021734,6.0242779366345385,5.6536688856108617,5.3814156038120977,6.2064662316961945,5.8237925245551621,5.5157863167887351,19.686639957746152,6.9631913391584934,1.0119891780182071,3.6541611710518795,0,0.022439725902627335,0,1
104,1.4735301191393571,2.8590669351650764,2.9241121879614984,7.5679707103847065,0.58140913142494133,0.86056809032342341,5.7456831579160328,5.790239923422587,5.7453996994821663,6.3043705573050293,7.288197826182043,7.2380074389707767,8.7468966994561086,7.4660176173984985,8.6779778775082317,9.4187515055041722,8.0021813768544856,9.4083063349458662,9.4491431124561949,9.7747902713716286,13.27073817612856,10.101536921521618,18.492330747806985,11.033211193286659,1.9544733460241277,1.8393684794184344,0,0.022145423316690276,0,1
105,0,1.4544024752434852,0,0.58730636682040871,10,2.7524159209953023,3.8919411709774163,2.6888922732439315,2.456466079774021,2.503964167628812,6.3249624199350727,2.8012062904480386,3.0947681331558314,3.1841441522274119,8.5708153206702331,3.552285871760962,2.9607172957736987,3.0945005824351943,2.6031370166911607,2.9408704294390953,2.6716493364991019,3.1550825619633112,17.942888571225428,3.1454668159090593,0.48195237231069077,4.0816457851609549,0,0.021497740728761625,0,1
106,1.4594574350615501,1.1148247617338656,1.6448313228650229,3.9165920825028939,3.5849106520606582,5.6357660361491986,4.1917143535312809,4.5236992160654719,4.9287441885972108,5.1938108650712973,5.9887842134914351,5.5866771095839391,5.5933247026957362,6.1234400737394274,6.3691933080299012,6.5124587998777619,7.0696912479029184,7.0096468070051285,6.1573116302877393,7.2191418234757139,6.4851996663585894,6.2952333648883974,22.028819294732582,8.0690596600480085,1.3415353399206151,3.1292058654857131,0,0.021225559046245249,0,1
107,0.37990829006860027,1.2143758373382632,0.50618000385495243,3.4268274117556232,8.9911927575873136,3.7385179682537424,3.4859275851109239,3.8540756853438589,4.1456270934774189,4.0049245018722495,6.4142706104540039,4.1730926071114478,4.7036780035618104,4.3140719404574552,7.4302604082265873,4.9020558285898623,5.5905919956124412,5.1039302074941206,5.2390339160765809,5.2134843522699219,5.3246816403539556,5.1815447585120227,19.920230001374357,5.7136212456202307,0.87316717709597402,3.794997792786698,0,0.0211347196400671,0,1
108,1.9877317737368934,3.938066765193037,5.8814347078334315,7.919853939868883,0,0,0.21272737945046682,1.2383348947280357,9.1410085145470905,9.6982700113944933,10.566592892183364,10.098017831133864,8.2241855814928577,7.2422420295501304,10.087613764762899,14.94634147749202,12.149606604149289,9.697105347665298,15.264364950459969,16.986044267390408,22.570566749142039,13.452943126996287,14.777510307217607,13.833551824975402,2.2819809759403129,0.36311637958337262,0,0.021055609962816746,0,1
109,0.4184300778388339,0.23955930337191694,0.52038673805902191,4.0331593752029766,8.5115401180818591,3.3907024156543293,4.2475262773353855,3.2425489428110321,3.3594772516008007,3.2617064539831384,5.2893047705972434,3.9404702549167263,3.4836565875904757,3.5846837139921699,9.108642784505788,4.1669784821319791,4.2770255339527719,4.2222150995245409,4.4594801814730101,4.2527334463078512,4.1775314302131212,3.838789270206747,18.785727589283596,3.8073705464290342,0.78302087592724268,3.8944178374193048,0,0.020417525085500186,0,1
110,0.69341591277506454,0.15095031574562368,0.20682953762394615,2.6033773226663697,7.7784798804952056,4.0151826523096696,2.8328460838205669,2.7210257974586289,2.7601078469966809,2.970791566301326,5.7998812031429718,3.4623541028311573,3.2874236277906594,3.0416152090939326,9.1314239395022057,3.9117735484899177,3.3984099689002285,3.3942999929238384,3.3912527535749284,3.5888952179764635,2.8354843939448569,2.9766772850050058,17.722500224205355,3.3054901116159381,0.70084015402079902,3.9548597450581648,0,0.020269321426532171,0,1
111,1.137203305339008,0.34757783943211756,0.67242509794706751,4.1446424827732544,5.4197606125429445,3.3275281079233276,2.7937586865335509,3.9642291042771185,4.2891584344844027,4.1418003129203251,4.8548643785774077,4.3852396718103916,5.1734322358032383,4.0957928574301015,9.5369250007759927,4.7881935114165399,5.0979802826715286,5.0615138513395586,5.8495853418798838,4.6151286965822962,5.0172502980240656,4.385990885344774,18.476547464834884,5.4579428387585178,1.0646217949860171,3.59817469053313,0,0.020239332665086301,0,1
112,0.18956621579830452,0.49596952561591673,0,1.5080046752381964,10,2.0900042452537564,4.4838550779436606,2.7917449462086594,2.3465702175629071,2.7397785295420785,4.598710957099355,2.7171141448913283,3.3770374731425772,2.6341908934436002,9.6417005356247181,3.0698892201277714,3.198627993551252,2.5849216788870417,2.6949954475505788,2.9013386233134688,2.8519025361868868,2.1084136775824991,16.776786106965513,2.9008477661003171,0.46002299373728173,4.0904604019492679,0,0.020141828781680998,0,1
113,0,0.7720460452548773,0,1.5769593262160568,10,2.7530206390115555,3.107280471198012,2.5884471771716697,2.500115525521958,2.5292745464452051,6.2890016337330872,2.5650585392639358,2.800443507732957,2.3763139517690455,8.5982275329986493,3.2837075505726041,3.2244386144554831,2.6576834434151557,2.9408384000147745,2.5791463246829656,2.3913302381620811,2.6262447690218917,17.604253427412889,2.7607810178258831,0.44615535190322531,4.0940927471215947,0,0.020038589191827969,0,1
114,1.6796640835942644,1.6562972707234658,2.2351619636006075,4.6961699973117117,1.0222609572749306,4.7403347761030776,4.7633132475218183,4.687482278980565,4.9304921933639436,5.5740714121174877,6.6942798223257807,5.8086252164675969,6.5910198231346682,6.5068618549720227,7.2156929557510434,8.0077027692338163,7.2549832406440622,7.9471148218564069,7.7434646730077414,8.1492123999353758,8.9465141264241765,7.9918051216834964,21.060374934635483,9.2045158704183034,1.6248959805727663,2.6789277008099019,0,0.019607147850656793,0,1
115,0.10004544777787996,0.52768487046499257,0.012740105266114885,3.2745963328384398,10,3.2466706123943423,3.6978033334086389,3.3019994182129837,3.2657178375980145,3.3640643154507095,5.4413715804254092,3.5798078165823473,4.178948716126472,3.5615278917690598,9.3550328095359081,4.1501781545806438,4.1599700896167295,3.7603546382617452,4.324127313864536,4.1990432173323118,4.0642091063489021,3.7437330600110688,17.99430618708416,4.1714425300045104,0.58839729716273403,4.0184445410007701,0,0.019387714321138637,0,1
116,1.923440450311811,1.2284829380246378,3.4913088034159885,5.5681225458101213,0,5.01099565741099,5.0926379280519543,5.3977470360523414,5.6894566256992682,6.0244159756968676,6.5178215602218543,6.8795812840624624,7.2270180682510556,7.5281821607648522,7.6419904480753997,7.9941130920162591,8.7125958036442643,8.5229359619339231,8.7391324457286714,9.5210369812269704,11.361196836507993,9.0193450464736671,21.267195972761225,10.284754116050633,1.7883508861941408,2.266160670173742,0,0.019178096083502474,0,1
117,1.2176770674790747,1.0790228524938485,1.7459126961760925,3.4668548396061514,4.0358412322673614,4.0227695595351438,5.1033320395318764,3.7941409055937596,4.6618707717708423,4.6774797290236982,5.9412031844795745,5.1054596082949573,5.2388153324758413,5.4997741946787642,7.3602613732527162,5.917483775467602,6.0617857770560599,7.1304139708992507,6.0835176526464245,6.3156278148086873,6.823534474263429,6.4380167552731153,21.161921130110287,7.4633890066837392,1.2452868333244393,3.30120576020582,0,0.018768613899995047,0,1
118,1.1060739147140424,0.45664891982300615,1.2726502330105824,3.3562734550111264,4.9387185702983691,3.1783892415180768,5.0739383165340355,3.8837609856006639,3.5023557341218257,4.0253680428176404,5.0413763627671457,4.1493893348973172,4.6329641065551019,4.5494023042125198,9.1003266198536252,4.7633016210688384,5.0316184883229482,4.8214536023107177,4.8102685778113061,4.9364173066482584,5.4786823270067107,4.6791220376128244,19.166447311687239,5.3503668976413152,1.0649245874434359,3.5793485691526383,0,0.018169545061812651,0,1
119,1.5759249643211963,3.4848681659672862,5.7884988171835596,6.1247162430201669,0.27148343804004521,0,1.4221996097518472,7.6603185522926296,7.4852707314552731,7.474603757443596,7.2606102549732938,8.4768005339254806,10.346706828279885,8.1885591817332521,9.8159827204298136,9.1459303464717401,10.209262734065067,9.7228305157021424,11.195211840301516,11.695542433916511,18.789019864963581,12.768114718354234,17.845804553708636,12.135389200662432,2.1518394607960709,1.1588201266994169,0,0.018007497274371197,0,1

