parameter,value
function,ZDT4
dimension,20
population_size,120
max_generation,2000
seed,1
constraint,0
output_filename,results/bitga_zdt4.csv
bits_per_variable,16
total_bits,320
crossover_rate,1
bit_mutation_rate,0.01

snapshot_generation_1500
index,bit0,bit1,bit2,bit3,bit4,bit5,bit6,bit7,bit8,bit9,bit10,bit11,bit12,bit13,bit14,bit15,bit16,bit17,bit18,bit19,bit20,bit21,bit22,bit23,bit24,bit25,bit26,bit27,bit28,bit29,bit30,bit31,bit32,bit33,bit34,bit35,bit36,bit37,bit38,bit39,bit40,bit41,bit42,bit43,bit44,bit45,bit46,bit47,bit48,bit49,bit50,bit51,bit52,bit53,bit54,bit55,bit56,bit57,bit58,bit59,bit60,bit61,bit62,bit63,bit64,bit65,bit66,bit67,bit68,bit69,bit70,bit71,bit72,bit73,bit74,bit75,bit76,bit77,bit78,bit79,bit80,bit81,bit82,bit83,bit84,bit85,bit86,bit87,bit88,bit89,bit90,bit91,bit92,bit93,bit94,bit95,bit96,bit97,bit98,bit99,bit100,bit101,bit102,bit103,bit104,bit105,bit106,bit107,bit108,bit109,bit110,bit111,bit112,bit113,bit114,bit115,bit116,bit117,bit118,bit119,bit120,bit121,bit122,bit123,bit124,bit125,bit126,bit127,bit128,bit129,bit130,bit131,bit132,bit133,bit134,bit135,bit136,bit137,bit138,bit139,bit140,bit141,bit142,bit143,bit144,bit145,bit146,bit147,bit148,bit149,bit150,bit151,bit152,bit153,bit154,bit155,bit156,bit157,bit158,bit159,bit160,bit161,bit162,bit163,bit164,bit165,bit166,bit167,bit168,bit169,bit170,bit171,bit172,bit173,bit174,bit175,bit176,bit177,bit178,bit179,bit180,bit181,bit182,bit183,bit184,bit185,bit186,bit187,bit188,bit189,bit190,bit191,bit192,bit193,bit194,bit195,bit196,bit197,bit198,bit199,bit200,bit201,bit202,bit203,bit204,bit205,bit206,bit207,bit208,bit209,bit210,bit211,bit212,bit213,bit214,bit215,bit216,bit217,bit218,bit219,bit220,bit221,bit222,bit223,bit224,bit225,bit226,bit227,bit228,bit229,bit230,bit231,bit232,bit233,bit234,bit235,bit236,bit237,bit238,bit239,bit240,bit241,bit242,bit243,bit244,bit245,bit246,bit247,bit248,bit249,bit250,bit251,bit252,bit253,bit254,bit255,bit256,bit257,bit258,bit259,bit260,bit261,bit262,bit263,bit264,bit265,bit266,bit267,bit268,bit269,bit270,bit271,bit272,bit273,bit274,bit275,bit276,bit277,bit278,bit279,bit280,bit281,bit282,bit283,bit284,bit285,bit286,bit287,bit288,bit289,bit290,bit291,bit292,bit293,bit294,bit295,bit296,bit297,bit298,bit299,bit300,bit301,bit302,bit303,bit304,bit305,bit306,bit307,bit308,bit309,bit310,bit311,bit312,bit313,bit314,bit315,bit316,bit317,bit318,bit319,x0,x1,x2,x3,x4,x5,x6,x7,x8,x9,x10,x11,x12,x13,x14,x15,x16,x17,x18,x19,f0,f1,rank,crowding_distance,constraint_violation,evaluated
0,0,0,0,0,0,0,0,0,0,0,0,0,0,0,0,0,0,1,1,1,1,1,1,1,1,1,1,1,1,1,1,0,1,0,0,0,1,1,0,0,1,1,0,0,1,0,0,1,0,1,1,1,0,0,1,1,0,0,1,1,0,1,1,0,0,1,1,1,0,0,1,1,0,0,1,1,1,0,0,0,1,0,0,0,0,0,0,0,0,0,0,0,0,0,0,0,1,0,0,1,1,0,1,0,0,0,0,0,0,0,0,0,0,1,1,1,1,1,1,1,1,1,1,1,1,1,1,1,0,1,1,0,0,1,0,1,1,1,1,1,1,1,1,1,1,0,0,0,0,0,0,0,0,0,0,0,0,0,0,0,0,1,1,1,0,0,1,0,1,1,1,1,1,1,1,1,0,1,1,0,0,1,0,1,1,1,1,1,1,1,1,1,1,0,0,0,1,1,0,0,1,0,1,1,1,1,1,1,1,0,0,0,0,0,0,0,0,0,0,0,0,0,0,0,1,0,0,0,1,1,0,0,1,1,0,0,1,0,0,0,0,1,1,1,0,0,1,1,0,1,0,0,0,0,0,0,0,1,1,0,0,1,0,1,1,1,1,1,1,1,1,1,0,1,1,1,0,0,1,1,0,1,0,0,0,0,0,0,0,1,1,1,0,1,0,0,0,0,0,0,0,0,0,0,1,0,0,0,1,1,0,0,1,1,0,0,0,1,1,1,0,-0.00022888532845044551,0.49950408178835737,-0.49950408178835737,-0.49919890135042344,7.6295109483481838e-05,1.0157167925535973,-7.6295109483481838e-05,-1.0157167925535977,7.6295109483481838e-05,-0.50789654383154037,-1.0157167925535977,0.49797817959868773,7.6295109483481838e-05,0.4993514915693904,-0.49797817959868773,-1.0157167925535977,-0.49797817959868773,-0.46868085755703071,0.49919890135042344,0,9.1978683421661334,0,inf,0,1
1,1,1,1,1,1,1,1,1,0,1,1,1,0,0,0,0,0,1,1,1,1,1,1,1,1,1,1,1,1,0,1,0,1,0,0,0,1,1,0,0,1,1,0,0,1,0,0,1,0,1,1,1,0,0,1,1,0,0,1,1,0,1,1,0,0,1,1,1,0,0,1,1,0,0,1,1,1,0,0,1,1,0,0,0,0,0,0,0,0,0,0,0,0,0,0,0,1,0,0,1,1,0,1,0,0,0,0,0,0,0,0,0,0,1,1,1,1,1,1,1,1,1,1,1,1,1,1,1,0,1,1,0,0,1,0,1,1,1,1,1,1,1,1,1,1,0,0,0,0,0,0,0,0,0,0,0,0,0,0,0,0,1,1,1,0,0,1,0,1,1,1,1,1,1,1,1,0,1,1,0,0,1,0,1,1,1,1,1,1,1,1,1,1,0,0,0,1,1,0,0,1,0,1,1,1,1,1,1,1,0,0,0,0,0,0,0,0,0,0,0,0,0,0,0,1,0,0,0,1,1,0,0,1,1,0,0,1,0,0,0,0,1,1,1,0,0,1,1,0,1,0,0,0,0,0,0,0,1,1,0,0,1,0,1,1,1,1,1,1,1,1,1,0,1,1,1,0,0,1,1,0,1,0,0,0,0,0,0,0,1,1,1,0,1,0,0,0,0,0,0,0,0,0,0,1,0,0,0,1,1,0,0,1,1,0,0,0,1,1,1,0.99781795986877242,-0.00083924620431830022,0.49950408178835737,-0.49950408178835737,-0.49904631113145648,7.6295109483481838e-05,1.0157167925535973,-7.6295109483481838e-05,-1.0157167925535977,7.6295109483481838e-05,-0.50789654383154037,-1.0157167925535977,0.49797817959868773,7.6295109483481838e-05,0.4993514915693904,-0.49797817959868773,-1.0157167925535977,-0.49797817959868773,-0.46868085755703071,0.49919890135042344,0.99781795986877242,6.1688601143169617,0,inf,0,1
2,0,1,0,0,1,1,0,0,0,0,1,0,0,1,1,0,0,1,1,1,1,1,1,1,1,1,1,1,1,0,1,1,1,0,0,0,1,1,0,0,1,1,0,0,0,1,1,1,0,1,1,1,0,0,1,1,0,0,1,1,0,1,1,0,0,1,1,1,0,0,1,1,0,0,1,1,1,0,0,0,1,0,0,0,0,0,0,0,0,0,0,0,0,0,0,0,1,0,0,1,1,0,1,0,0,0,0,0,0,0,0,0,0,1,1,1,1,1,1,1,1,1,1,1,1,1,1,1,0,1,1,0,0,1,0,1,1,1,1,1,1,1,1,1,1,0,0,0,0,0,0,0,0,0,0,0,0,0,0,0,0,1,1,1,0,0,1,0,1,1,1,1,1,1,1,1,0,1,1,0,0,1,0,1,1,1,1,1,1,1,1,1,1,0,0,0,1,1,0,0,1,0,1,1,1,1,1,1,1,0,0,0,0,0,0,0,0,0,0,0,0,0,0,0,1,0,0,0,1,1,0,0,1,1,0,0,1,0,0,0,0,1,1,1,0,0,1,1,0,1,0,0,0,0,0,0,0,1,1,0,0,1,0,1,1,1,1,1,1,1,1,1,0,1,1,1,0,0,1,1,0,1,0,0,0,0,0,0,0,1,1,1,0,1,0,0,0,0,0,0,0,0,0,0,1,0,0,0,1,1,0,0,1,1,0,0,0,1,1,1,0.29745937285420004,-0.00068665598535133654,0.49919890135042344,-0.49950408178835737,-0.49919890135042344,7.6295109483481838e-05,1.0157167925535973,-7.6295109483481838e-05,-1.0157167925535977,7.6295109483481838e-05,-0.50789654383154037,-1.0157167925535977,0.49797817959868773,7.6295109483481838e-05,0.4993514915693904,-0.49797817959868773,-1.0157167925535977,-0.49797817959868773,-0.46868085755703071,0.49919890135042344,0.29745937285420004,7.5440934503585382,0,0.060226026864550003,0,1
3,1,0,1,0,1,1,1,0,0,1,1,0,0,0,0,0,0,1,1,1,1,1,1,1,1,1,1,1,1,0,1,0,1,0,0,0,1,1,0,0,1,1,0,0,0,1,1,1,0,1,1,1,0,0,1,1,0,0,1,1,0,1,1,0,0,1,1,1,0,0,1,1,0,0,1,1,1,0,0,0,1,0,0,0,0,0,0,0,0,0,0,0,0,0,0,0,1,0,0,1,1,0,1,0,0,0,0,0,0,0,0,0,0,1,1,1,1,1,1,1,1,1,1,1,1,1,1,1,0,1,1,0,0,1,0,1,1,1,1,1,1,1,1,1,1,0,0,0,0,0,0,0,0,0,0,0,0,0,0,0,0,1,1,1,0,0,1,0,1,1,1,1,1,1,1,1,0,1,1,0,0,1,0,1,1,1,1,1,1,1,1,1,1,0,0,0,1,1,0,0,1,0,1,1,1,1,1,1,1,0,0,0,0,0,0,0,0,0,0,0,0,0,0,0,1,0,0,0,1,1,0,0,1,1,0,0,1,0,0,0,0,1,1,1,0,0,1,1,0,1,0,0,0,0,0,0,0,1,1,0,0,1,0,1,1,1,1,1,1,1,1,1,0,1,1,1,0,0,1,1,0,1,0,0,0,0,0,0,0,1,1,1,0,1,0,0,0,0,0,0,0,0,0,0,1,0,0,0,1,1,0,0,1,1,0,0,0,1,1,1,0.68116273746852829,-0.00083924620431830022,0.49919890135042344,-0.49950408178835737,-0.49919890135042344,7.6295109483481838e-05,1.0157167925535973,-7.6295109483481838e-05,-1.0157167925535977,7.6295109483481838e-05,-0.50789654383154037,-1.0157167925535977,0.49797817959868773,7.6295109483481838e-05,0.4993514915693904,-0.49797817959868773,-1.0157167925535977,-0.49797817959868773,-0.46868085755703071,0.49919890135042344,0.68116273746852829,6.6952731264152456,0,0.056530951033742234,0,1
4,0,1,0,0,0,0,1,0,0,0,0,0,0,0,0,0,0,1,1,1,1,1,1,1,1,1,1,1,1,1,1,0,1,0,0,0,1,1,0,0,1,1,0,0,1,0,0,0,0,1,1,1,0,0,1,1,0,0,1,1,0,1,1,1,0,1,1,1,0,0,1,1,0,0,1,1,1,0,0,0,1,0,0,0,0,0,0,0,0,0,0,0,0,0,0,0,1,0,0,1,1,0,1,0,0,0,0,0,0,0,0,0,0,1,1,1,1,1,1,1,1,1,1,1,1,1,1,1,0,1,1,0,0,1,0,1,1,1,1,1,1,1,1,1,1,0,0,0,0,0,0,0,0,0,0,0,0,0,0,0,0,1,1,1,0,0,1,0,1,1,1,1,1,1,1,1,0,1,1,0,0,1,0,1,1,1,1,1,1,1,1,1,1,0,0,0,1,1,0,0,1,0,1,1,1,1,1,1,1,0,0,0,0,0,0,0,0,0,0,0,0,0,0,0,1,0,0,0,1,1,0,0,1,1,0,0,1,0,0,0,0,1,1,1,0,0,1,1,0,1,0,0,0,0,0,0,0,1,1,0,0,1,0,1,1,1,1,1,1,1,1,1,0,1,1,1,0,0,1,1,0,1,0,0,0,0,0,0,0,1,1,1,0,1,0,0,0,0,0,0,0,0,0,0,1,0,0,0,1,1,0,0,1,1,0,0,0,1,1,1,0.25781643396658277,-0.00022888532845044551,0.4993514915693904,-0.4993514915693904,-0.49919890135042344,7.6295109483481838e-05,1.0157167925535973,-7.6295109483481838e-05,-1.0157167925535977,7.6295109483481838e-05,-0.50789654383154037,-1.0157167925535977,0.49797817959868773,7.6295109483481838e-05,0.4993514915693904,-0.49797817959868773,-1.0157167925535977,-0.49797817959868773,-0.46868085755703071,0.49919890135042344,0.25781643396658277,7.6579191034795429,0,0.054500790085698594,0,1
5,0,1,1,0,0,1,1,0,1,1,0,1,0,0,0,0,0,1,1,1,1,1,1,1,1,1,1,1,1,0,1,1,1,0,0,0,1,1,0,0,1,1,0,0,1,0,0,1,0,1,1,1,0,0,1,1,0,0,1,1,0,1,1,0,0,1,1,1,0,0,1,1,0,0,1,1,1,0,0,0,1,0,0,0,0,0,0,0,0,0,0,0,0,0,0,0,1,0,0,1,1,0,1,0,0,0,0,0,0,0,0,0,0,1,1,1,1,1,1,1,1,1,1,1,1,1,1,1,0,1,1,0,0,1,0,1,1,1,1,1,1,1,1,1,1,0,0,0,0,0,0,0,0,0,0,0,0,0,0,0,0,1,1,1,0,0,1,0,1,1,1,1,1,1,1,1,0,1,1,0,0,1,0,1,1,1,1,1,1,1,1,1,1,0,0,0,1,1,0,0,1,0,1,1,1,1,1,1,1,0,0,0,0,0,0,0,0,0,0,0,0,0,0,0,1,0,0,0,1,1,0,0,1,1,0,0,1,0,0,0,0,1,1,1,0,0,1,1,0,1,0,0,0,0,0,0,0,1,1,0,0,1,0,1,1,1,1,1,1,1,1,1,0,1,1,1,0,0,1,1,0,1,0,0,0,0,0,0,0,1,1,1,0,1,0,0,0,0,0,0,0,0,0,0,1,0,0,0,1,1,0,0,1,1,0,0,0,1,1,1,0.40161745632104984,-0.00068665598535133654,0.49950408178835737,-0.49950408178835737,-0.49919890135042344,7.6295109483481838e-05,1.0157167925535973,-7.6295109483481838e-05,-1.0157167925535977,7.6295109483481838e-05,-0.50789654383154037,-1.0157167925535977,0.49797817959868773,7.6295109483481838e-05,0.4993514915693904,-0.49797817959868773,-1.0157167925535977,-0.49797817959868773,-0.46868085755703071,0.49919890135042344,0.40161745632104984,7.2761805383016611,0,0.052686351597156178,0,1
6,1,1,0,1,1,1,0,1,0,0,0,0,0,0,0,0,0,1,1,1,1,1,1,1,1,1,1,1,1,1,1,1,1,0,0,0,1,1,0,0,1,1,0,0,1,0,0,0,0,1,1,1,0,0,1,1,0,0,1,1,0,1,1,1,0,1,1,1,0,0,1,1,0,0,1,1,1,0,0,0,1,0,0,0,0,0,0,0,0,0,0,0,0,0,0,0,1,0,0,1,1,0,1,0,0,0,0,0,0,0,0,0,0,1,1,1,1,1,1,1,1,1,1,1,1,1,1,1,0,1,1,0,0,1,0,1,1,1,1,1,1,1,1,1,1,0,0,0,0,0,0,0,0,0,0,0,0,0,0,0,0,1,1,1,0,0,1,0,1,1,1,1,1,1,1,1,0,1,1,0,0,1,0,1,1,1,1,1,1,1,1,1,1,0,0,0,1,1,0,0,1,0,1,1,1,1,1,1,1,0,0,0,0,0,0,0,0,0,0,0,0,0,0,0,1,0,0,0,1,1,0,0,1,1,0,0,1,0,0,0,0,1,1,1,0,0,1,1,0,1,0,0,0,0,0,0,0,1,1,0,0,1,0,1,1,1,1,1,1,1,1,1,0,1,1,1,0,0,1,1,0,1,0,0,0,0,0,0,0,1,1,1,0,1,0,0,0,0,0,0,0,0,0,0,1,0,0,0,1,1,0,0,1,1,0,0,0,1,1,1,0.8632944228274968,-7.6295109483481838e-05,0.4993514915693904,-0.4993514915693904,-0.49919890135042344,7.6295109483481838e-05,1.0157167925535973,-7.6295109483481838e-05,-1.0157167925535977,7.6295109483481838e-05,-0.50789654383154037,-1.0157167925535977,0.49797817959868773,7.6295109483481838e-05,0.4993514915693904,-0.49797817959868773,-1.0157167925535977,-0.49797817959868773,-0.46868085755703071,0.49919890135042344,0.8632944228274968,6.3799288669662308,0,0.051446594557610831,0,1
7,0,0,0,0,0,0,0,1,0,1,1,1,0,0,0,0,0,1,1,1,1,1,1,1,1,1,1,1,1,0,1,1,1,0,0,0,1,1,0,0,1,1,0,0,1,0,0,0,0,1,1,1,0,0,1,1,0,0,1,1,0,1,1,1,0,1,1,1,0,0,1,1,0,0,1,1,1,0,0,0,1,0,0,0,0,0,0,0,0,0,0,0,0,0,0,0,1,0,0,1,1,0,1,0,0,0,0,0,0,0,0,0,0,1,1,1,1,1,1,1,1,1,1,1,1,1,1,1,0,1,1,0,0,1,0,1,1,1,1,1,1,1,1,1,1,0,0,0,0,0,0,0,0,0,0,0,0,0,0,0,0,1,1,1,0,0,1,0,1,1,1,1,1,1,1,1,0,1,1,0,0,1,0,1,1,1,1,1,1,1,1,1,1,0,0,0,1,1,0,0,1,0,1,1,1,1,1,1,1,0,0,0,0,0,0,0,0,0,0,0,0,0,0,0,1,0,0,0,1,1,0,0,1,1,0,0,1,0,0,0,0,1,1,1,0,0,1,1,0,1,0,0,0,0,0,0,0,1,1,0,0,1,0,1,1,1,1,1,1,1,1,1,0,1,1,1,0,0,1,1,0,1,0,0,0,0,0,0,0,1,1,1,0,1,0,0,0,0,0,0,0,0,0,0,1,0,0,0,1,1,0,0,1,1,0,0,0,1,1,1,0.0056153200579842832,-0.00068665598535133654,0.4993514915693904,-0.4993514915693904,-0.49919890135042344,7.6295109483481838e-05,1.0157167925535973,-7.6295109483481838e-05,-1.0157167925535977,7.6295109483481838e-05,-0.50789654383154037,-1.0157167925535977,0.49797817959868773,7.6295109483481838e-05,0.4993514915693904,-0.49797817959868773,-1.0157167925535977,-0.49797817959868773,-0.46868085755703071,0.49919890135042344,0.0056153200579842832,8.9709027600294498,0,0.050464575206473301,0,1
8,0,1,1,0,1,1,0,0,0,0,0,0,0,0,0,0,0,1,1,1,1,1,1,1,1,1,1,1,1,1,1,0,1,0,0,0,1,1,0,0,1,1,0,0,1,0,0,1,0,1,1,1,0,0,1,1,0,0,1,1,0,1,1,1,0,1,1,1,0,0,1,1,0,0,1,1,1,0,0,0,1,0,0,0,0,0,0,0,0,0,0,0,0,0,0,0,1,0,0,1,1,0,1,0,0,0,0,0,0,0,0,0,0,1,1,1,1,1,1,1,1,1,1,1,1,1,1,1,0,1,1,0,0,1,0,1,1,1,1,1,1,1,1,1,1,0,0,0,0,0,0,0,0,0,0,0,0,0,0,0,0,1,1,1,0,0,1,0,1,1,1,1,1,1,1,1,0,1,1,0,0,1,0,1,1,1,1,1,1,1,1,1,1,0,0,0,1,1,0,0,1,0,1,1,1,1,1,1,1,0,0,0,0,0,0,0,0,0,0,0,0,0,0,0,1,0,0,0,1,1,0,0,1,1,0,0,1,0,0,0,0,1,1,1,0,0,1,1,0,1,0,0,0,0,0,0,0,1,1,0,0,1,0,1,1,1,1,1,1,1,1,1,0,1,1,1,0,0,1,1,0,1,0,0,0,0,0,0,0,1,1,1,0,1,0,0,0,0,0,0,0,0,0,0,1,0,0,0,1,1,0,0,1,1,0,0,0,1,1,1,0.42188143739986267,-0.00022888532845044551,0.49950408178835737,-0.4993514915693904,-0.49919890135042344,7.6295109483481838e-05,1.0157167925535973,-7.6295109483481838e-05,-1.0157167925535977,7.6295109483481838e-05,-0.50789654383154037,-1.0157167925535977,0.49797817959868773,7.6295109483481838e-05,0.4993514915693904,-0.49797817959868773,-1.0157167925535977,-0.49797817959868773,-0.46868085755703071,0.49919890135042344,0.42188143739986267,7.2279797533201133,0,0.050019105572044087,0,1
9,0,0,0,1,1,1,0,0,0,1,0,0,0,0,0,0,0,1,1,1,1,1,1,1,1,1,1,1,1,0,1,0,1,0,0,0,1,1,0,0,1,1,0,0,0,1,1,1,0,1,1,1,0,0,1,1,0,0,1,1,0,1,1,0,0,1,1,1,0,0,1,1,0,0,1,1,1,0,0,0,1,0,0,0,0,0,0,0,0,0,0,0,0,0,0,0,1,0,0,1,1,0,1,0,0,0,0,0,0,0,0,0,0,1,1,1,1,1,1,1,1,1,1,1,1,1,1,1,0,1,1,0,0,1,0,1,1,1,1,1,1,1,1,1,1,0,0,0,0,0,0,0,0,0,0,0,0,0,0,0,0,1,1,1,0,0,1,0,1,1,1,1,1,1,1,1,0,1,1,0,0,1,0,1,1,1,1,1,1,1,1,1,1,0,0,0,1,1,0,0,1,0,1,1,1,1,1,1,1,0,0,0,0,0,0,0,0,0,0,0,0,0,0,0,1,0,0,0,1,1,0,0,1,1,0,0,1,0,0,0,0,1,1,1,0,0,1,1,0,1,0,0,0,0,0,0,0,1,1,0,0,1,0,1,1,1,1,1,1,1,1,1,0,1,1,1,0,0,1,1,0,1,0,0,0,0,0,0,0,1,1,1,0,1,0,0,0,0,0,0,0,0,0,0,1,0,0,0,1,1,0,0,1,1,0,0,0,1,1,1,0.11035324635690852,-0.00083924620431830022,0.49919890135042344,-0.49950408178835737,-0.49919890135042344,7.6295109483481838e-05,1.0157167925535973,-7.6295109483481838e-05,-1.0157167925535977,7.6295109483481838e-05,-0.50789654383154037,-1.0157167925535977,0.49797817959868773,7.6295109483481838e-05,0.4993514915693904,-0.49797817959868773,-1.0157167925535977,-0.49797817959868773,-0.46868085755703071,0.49919890135042344,0.11035324635690852,8.1908834907465238,0,0.04950591969539693,0,1
10,0,0,1,0,1,1,1,0,0,0,0,0,1,0,0,0,0,1,1,1,1,1,1,1,1,1,1,1,1,1,1,1,1,0,0,0,1,1,0,0,1,1,0,0,1,0,0,0,0,1,1,1,0,0,1,1,0,0,1,1,0,1,1,1,0,1,1,1,0,0,1,1,0,0,1,1,1,0,0,1,1,0,0,0,0,0,0,0,0,0,0,0,0,0,0,0,1,0,0,1,1,0,1,0,0,0,0,0,0,0,0,0,0,1,1,1,1,1,1,1,1,1,1,1,1,1,1,1,0,1,1,0,0,1,0,1,1,1,1,1,1,1,1,1,1,0,0,0,0,0,0,0,0,0,0,0,0,0,0,0,0,1,1,1,0,0,1,0,1,1,1,1,1,1,1,1,0,1,1,0,0,1,0,1,1,1,1,1,1,1,1,1,1,0,0,0,1,1,0,0,1,0,1,1,1,1,1,1,1,0,0,0,0,0,0,0,0,0,0,0,0,0,0,0,1,0,0,0,1,1,0,0,1,1,0,0,1,0,0,0,0,1,1,1,0,0,1,1,0,1,0,0,0,0,0,0,0,1,1,0,0,1,0,1,1,1,1,1,1,1,1,1,0,1,1,1,0,0,1,1,0,1,0,0,0,0,0,0,0,1,1,1,0,1,0,0,0,0,0,0,0,0,0,0,1,0,0,0,1,1,0,0,1,1,0,0,0,1,1,1,0.17981231403067063,-7.6295109483481838e-05,0.4993514915693904,-0.4993514915693904,-0.49904631113145648,7.6295109483481838e-05,1.0157167925535973,-7.6295109483481838e-05,-1.0157167925535977,7.6295109483481838e-05,-0.50789654383154037,-1.0157167925535977,0.49797817959868773,7.6295109483481838e-05,0.4993514915693904,-0.49797817959868773,-1.0157167925535977,-0.49797817959868773,-0.46868085755703071,0.49919890135042344,0.17981231403067063,7.911825478247132,0,0.046841858462280089,0,1
11,0,0,1,1,0,1,0,0,0,1,0,0,0,0,0,0,0,1,1,1,1,1,1,1,1,1,1,1,1,0,1,0,1,0,0,0,1,1,0,0,1,1,0,0,1,0,0,0,0,1,1,1,0,0,1,1,0,0,1,1,0,1,1,1,0,1,1,1,0,0,1,1,0,0,1,1,1,0,0,0,1,0,0,0,0,0,0,0,0,0,0,0,0,0,0,0,1,0,0,1,1,0,1,0,0,0,0,0,0,0,0,0,0,1,1,1,1,1,1,1,1,1,1,1,1,1,1,1,0,1,1,0,0,1,0,1,1,1,1,1,1,1,1,1,1,0,0,0,0,0,0,0,0,0,0,0,0,0,0,0,0,1,1,1,0,0,1,0,1,1,1,1,1,1,1,1,0,1,1,0,0,1,0,1,1,1,1,1,1,1,1,1,1,0,0,0,1,1,0,0,1,0,1,1,1,1,1,1,1,0,0,0,0,0,0,0,0,0,0,0,0,0,0,0,1,0,0,0,1,1,0,0,1,1,0,0,1,0,0,0,0,1,1,1,0,0,1,1,0,1,0,0,0,0,0,0,0,1,1,0,0,1,0,1,1,1,1,1,1,1,1,1,0,1,1,1,0,0,1,1,0,1,0,0,0,0,0,0,0,1,1,1,0,1,0,0,0,0,0,0,0,0,0,0,1,0,0,0,1,1,0,0,1,1,0,0,0,1,1,1,0.20410467689021133,-0.00083924620431830022,0.4993514915693904,-0.4993514915693904,-0.49919890135042344,7.6295109483481838e-05,1.0157167925535973,-7.6295109483481838e-05,-1.0157167925535977,7.6295109483481838e-05,-0.50789654383154037,-1.0157167925535977,0.49797817959868773,7.6295109483481838e-05,0.4993514915693904,-0.49797817959868773,-1.0157167925535977,-0.49797817959868773,-0.46868085755703071,0.49919890135042344,0.20410467689021133,7.8281622747145558,0,0.045736854811769034,0,1
12,0,0,1,1,1,1,0,1,0,1,1,1,0,0,0,0,0,1,1,1,1,1,1,1,1,1,1,1,1,0,1,1,1,0,0,0,1,1,0,0,1,1,0,0,1,0,0,0,0,1,1,1,0,0,1,1,0,0,1,1,0,1,1,1,0,1,1,1,0,0,1,1,0,0,1,1,1,0,0,0,1,0,0,0,0,0,0,0,0,0,0,0,0,0,0,0,1,0,0,1,1,0,1,0,0,0,0,0,0,0,0,0,0,1,1,1,1,1,1,1,1,1,1,1,1,1,1,1,0,1,1,0,0,1,0,1,1,1,1,1,1,1,1,1,1,0,0,0,0,0,0,0,0,0,0,0,0,0,0,0,0,1,1,1,0,0,1,0,1,1,1,1,1,1,1,1,0,1,1,0,0,1,0,1,1,1,1,1,1,1,1,1,1,0,0,0,1,1,0,0,1,0,1,1,1,1,1,1,1,0,0,0,0,0,0,0,0,0,0,0,0,0,0,0,1,0,0,0,1,1,0,0,1,1,0,0,1,0,0,0,0,1,1,1,0,0,1,1,0,1,0,0,0,0,0,0,0,1,1,0,0,1,0,1,1,1,1,1,1,1,1,1,0,1,1,1,0,0,1,1,0,1,0,0,0,0,0,0,0,1,1,1,0,1,0,0,0,0,0,0,0,0,0,0,1,0,0,0,1,1,0,0,1,1,0,0,0,1,1,1,0.23999389639124133,-0.00068665598535133654,0.4993514915693904,-0.4993514915693904,-0.49919890135042344,7.6295109483481838e-05,1.0157167925535973,-7.6295109483481838e-05,-1.0157167925535977,7.6295109483481838e-05,-0.50789654383154037,-1.0157167925535977,0.49797817959868773,7.6295109483481838e-05,0.4993514915693904,-0.49797817959868773,-1.0157167925535977,-0.49797817959868773,-0.46868085755703071,0.49919890135042344,0.23999389639124133,7.7124031898019023,0,0.045241566421753643,0,1
13,0,0,0,1,0,0,0,1,1,0,0,0,0,0,0,0,0,1,1,1,1,1,1,1,1,1,1,1,1,0,1,0,1,0,0,0,1,1,0,0,1,1,0,0,0,1,1,1,0,1,1,1,0,0,1,1,0,0,1,1,0,1,1,0,0,1,1,1,0,0,1,1,0,0,1,1,1,0,0,0,1,0,0,0,0,0,0,0,0,0,0,0,0,0,0,0,1,0,0,1,1,0,1,0,0,0,0,0,0,0,0,0,0,1,1,1,1,1,1,1,1,1,1,1,1,1,1,1,0,1,1,0,0,1,0,1,1,1,1,1,1,1,1,1,1,0,0,0,0,0,0,0,0,0,0,0,0,0,0,0,0,1,1,1,0,0,1,0,1,1,1,1,1,1,1,1,0,1,1,0,0,1,0,1,1,1,1,1,1,1,1,1,1,0,0,0,1,1,0,0,1,0,1,1,1,1,1,1,1,0,0,0,0,0,0,0,0,0,0,0,0,0,0,0,1,0,0,0,1,1,0,0,1,1,0,0,1,0,0,0,0,1,1,1,0,0,1,1,0,1,0,0,0,0,0,0,0,1,1,0,0,1,0,1,1,1,1,1,1,1,1,1,0,1,1,1,0,0,1,1,0,1,0,0,0,0,0,0,0,1,1,1,0,1,0,0,0,0,0,0,0,0,0,0,1,0,0,0,1,1,0,0,1,1,0,0,0,1,1,1,0.068360418097199976,-0.00083924620431830022,0.49919890135042344,-0.49950408178835737,-0.49919890135042344,7.6295109483481838e-05,1.0157167925535973,-7.6295109483481838e-05,-1.0157167925535977,7.6295109483481838e-05,-0.50789654383154037,-1.0157167925535977,0.49797817959868773,7.6295109483481838e-05,0.4993514915693904,-0.49797817959868773,-1.0157167925535977,-0.49797817959868773,-0.46868085755703071,0.49919890135042344,0.068360418097199976,8.405418670063062,0,0.045040304937160353,0,1
14,1,0,1,1,1,0,1,0,0,0,0,0,0,0,0,0,0,1,1,1,1,1,1,1,1,1,1,1,1,1,1,0,1,0,0,0,1,1,0,0,1,1,0,0,1,0,0,1,0,1,1,1,0,0,1,1,0,0,1,1,0,1,1,0,0,1,1,1,0,0,1,1,0,0,1,1,1,0,0,0,1,0,0,0,0,0,0,0,0,0,0,0,0,0,0,0,1,0,0,1,1,0,1,0,0,0,0,0,0,0,0,0,0,1,1,1,1,1,1,1,1,1,1,1,1,1,1,1,0,1,1,0,0,1,0,1,1,1,1,1,1,1,1,1,1,0,0,0,0,0,0,0,0,0,0,0,0,0,0,0,0,1,1,1,0,0,1,0,1,1,1,1,1,1,1,1,0,1,1,0,0,1,0,1,1,1,1,1,1,1,1,1,1,0,0,0,1,1,0,0,1,0,1,1,1,1,1,1,1,0,0,0,0,0,0,0,0,0,0,0,0,0,0,0,1,0,0,0,1,1,0,0,1,1,0,0,1,0,0,0,0,1,1,1,0,0,1,1,0,1,0,0,0,0,0,0,0,1,1,0,0,1,0,1,1,1,1,1,1,1,1,1,0,1,1,1,0,0,1,1,0,1,0,0,0,0,0,0,0,1,1,1,0,1,0,0,0,0,0,0,0,0,0,0,1,0,0,0,1,1,0,0,1,1,0,0,0,1,1,1,0.72657358663309679,-0.00022888532845044551,0.49950408178835737,-0.49950408178835737,-0.49919890135042344,7.6295109483481838e-05,1.0157167925535973,-7.6295109483481838e-05,-1.0157167925535977,7.6295109483481838e-05,-0.50789654383154037,-1.0157167925535977,0.49797817959868773,7.6295109483481838e-05,0.4993514915693904,-0.49797817959868773,-1.0157167925535977,-0.49797817959868773,-0.46868085755703071,0.49919890135042344,0.72657358663309679,6.6127323320601539,0,0.044293638272342548,0,1
15,0,1,1,1,1,0,0,1,0,0,0,0,0,0,0,1,0,1,1,1,1,1,1,1,1,1,1,1,1,1,1,0,1,0,0,0,1,1,0,0,1,1,0,0,1,0,0,1,0,1,1,1,0,0,1,1,0,0,1,1,0,1,1,0,0,1,1,1,0,0,1,1,0,0,1,1,1,0,0,0,1,0,0,0,0,0,0,0,0,0,0,0,0,0,0,0,1,0,0,1,1,0,1,0,0,0,0,0,0,0,0,0,0,1,1,1,1,1,1,1,1,1,1,1,1,1,1,0,0,1,1,0,0,1,0,1,1,1,1,1,1,1,1,1,1,0,0,0,0,0,0,0,0,0,0,0,0,0,0,0,0,1,1,1,0,0,1,0,1,1,1,1,1,1,1,1,0,1,1,0,0,1,0,1,1,1,1,1,1,1,1,1,1,0,0,0,1,1,0,0,1,0,1,1,1,1,1,1,1,0,0,0,0,0,0,0,0,0,0,0,0,0,0,0,1,0,0,0,1,1,0,0,1,1,0,0,1,0,0,0,0,1,1,1,0,0,1,1,0,1,0,0,0,0,0,1,0,1,1,0,0,1,0,1,1,1,1,1,1,1,1,1,0,1,1,1,0,0,1,1,0,1,0,0,0,0,0,0,0,1,1,1,0,1,0,0,0,0,0,0,0,0,0,0,1,0,0,0,1,1,0,0,1,1,0,0,0,1,1,1,0.47267872129396504,-0.00022888532845044551,0.49950408178835737,-0.49950408178835737,-0.49919890135042344,7.6295109483481838e-05,1.0157167925535973,-0.00022888532845044551,-1.0157167925535977,7.6295109483481838e-05,-0.50789654383154037,-1.0157167925535977,0.49797817959868773,7.6295109483481838e-05,0.4993514915693904,-0.49782558937972077,-1.0157167925535977,-0.49797817959868773,-0.46868085755703071,0.49919890135042344,0.47267872129396504,7.1131157514308088,0,0.043407323863566348,0,1
16,0,1,0,1,0,0,0,0,0,0,0,0,0,0,0,0,0,1,1,1,1,1,1,1,1,1,1,1,1,1,1,0,1,0,0,0,1,1,0,0,1,1,0,0,1,0,0,0,0,1,1,1,0,0,1,1,0,0,1,1,0,1,1,1,0,1,1,1,0,0,1,1,0,0,1,1,1,0,0,0,1,0,0,0,0,0,0,0,0,0,0,0,0,0,0,0,1,0,0,1,1,0,1,0,0,0,0,0,0,0,0,0,0,1,1,1,1,1,1,1,1,1,1,1,1,1,1,0,0,1,1,0,0,1,0,1,1,1,1,1,1,1,1,1,1,0,0,0,0,0,0,0,0,0,0,0,0,0,0,0,0,1,1,1,0,0,1,0,1,1,1,1,1,1,1,1,0,1,1,0,0,1,0,1,1,1,1,1,1,1,1,1,1,0,0,0,1,1,0,0,1,0,1,1,1,1,1,1,1,0,0,0,0,0,0,0,0,0,0,0,0,0,0,0,1,0,0,0,1,1,0,0,1,1,0,0,1,0,0,0,0,1,1,1,0,0,1,1,0,1,0,0,0,0,0,0,0,1,1,0,0,1,0,1,1,1,1,1,1,1,1,1,0,1,1,1,0,0,1,1,0,1,0,0,0,0,0,0,0,1,1,1,0,1,0,0,0,0,0,0,0,0,0,0,1,0,0,0,1,1,0,0,1,1,0,0,0,1,1,1,0.31250476844434272,-0.00022888532845044551,0.4993514915693904,-0.4993514915693904,-0.49919890135042344,7.6295109483481838e-05,1.0157167925535973,-0.00022888532845044551,-1.0157167925535977,7.6295109483481838e-05,-0.50789654383154037,-1.0157167925535977,0.49797817959868773,7.6295109483481838e-05,0.4993514915693904,-0.49797817959868773,-1.0157167925535977,-0.49797817959868773,-0.46868085755703071,0.49919890135042344,0.31250476844434272,7.5024763872717006,0,0.043215132433271658,0,1
17,0,0,1,0,0,0,0,1,1,0,1,1,0,1,1,0,0,1,1,1,1,1,1,1,1,1,1,1,1,0,1,1,1,0,0,0,1,1,0,0,1,1,0,0,0,1,1,1,0,1,1,1,0,0,1,1,0,0,1,1,0,1,1,0,0,1,1,1,0,0,1,1,0,0,1,1,1,0,0,0,1,0,0,0,0,0,0,0,0,0,0,0,0,0,0,0,1,0,0,1,1,0,1,0,0,0,0,0,0,0,0,0,0,1,1,1,1,1,1,1,1,1,1,1,1,1,1,0,0,1,1,0,0,1,0,1,1,1,1,1,1,1,1,1,1,0,0,0,0,0,0,0,0,0,0,0,0,0,0,0,0,1,1,1,0,0,1,0,1,1,1,1,1,1,1,1,0,1,1,0,0,1,0,1,1,1,1,1,1,1,1,1,1,0,0,0,1,1,0,0,1,0,1,1,1,1,1,1,1,0,0,0,0,0,0,0,0,0,0,0,0,0,0,0,1,0,0,0,1,1,0,0,1,1,0,0,1,0,0,0,0,1,1,1,0,0,1,1,0,1,0,0,0,0,0,0,0,1,1,0,0,1,0,1,1,1,1,1,1,1,1,1,0,1,1,1,0,0,1,1,0,1,0,0,0,0,0,0,0,1,1,1,0,1,0,0,0,0,0,0,0,0,0,0,1,0,0,0,1,1,0,0,1,1,0,0,0,1,1,1,0.13168535896849012,-0.00068665598535133654,0.49919890135042344,-0.49950408178835737,-0.49919890135042344,7.6295109483481838e-05,1.0157167925535973,-0.00022888532845044551,-1.0157167925535977,7.6295109483481838e-05,-0.50789654383154037,-1.0157167925535977,0.49797817959868773,7.6295109483481838e-05,0.4993514915693904,-0.49797817959868773,-1.0157167925535977,-0.49797817959868773,-0.46868085755703071,0.49919890135042344,0.13168535896849012,8.0976652491861145,0,0.04289686580563553,0,1
18,1,1,0,0,1,1,0,0,0,0,1,0,0,1,0,1,0,1,1,1,1,1,1,1,1,1,1,1,1,1,1,0,1,0,0,0,1,1,0,0,1,1,0,0,0,1,1,0,0,1,1,1,0,0,1,1,0,0,1,1,0,1,1,0,0,1,1,1,0,0,1,1,0,0,1,1,1,0,0,1,1,0,0,0,0,0,0,0,0,0,0,0,0,0,0,0,1,0,0,1,1,0,1,0,0,0,0,0,0,0,0,0,0,1,1,1,1,1,1,1,1,1,1,1,1,1,1,1,0,1,1,0,0,1,0,1,1,1,1,1,1,1,1,1,1,0,0,0,0,0,0,0,0,0,0,0,0,0,0,0,0,1,1,1,0,0,1,0,1,1,1,1,1,1,1,1,0,1,1,0,0,1,0,1,1,1,1,1,1,1,1,1,1,0,0,0,1,1,0,0,1,0,1,1,1,1,1,1,1,0,0,0,0,0,0,0,0,0,0,0,0,0,0,0,1,0,0,0,1,1,0,0,1,1,0,0,1,0,0,0,0,1,1,1,0,0,1,1,0,1,0,0,0,0,0,0,0,1,1,0,0,1,0,1,1,1,1,1,1,1,1,1,0,1,1,1,0,0,1,1,0,1,0,0,0,0,0,0,0,1,1,1,0,1,0,0,0,0,0,0,0,0,0,0,1,0,0,0,1,1,0,0,1,1,0,0,0,1,1,1,0.79745174334325175,-0.00022888532845044551,0.49904631113145648,-0.49950408178835737,-0.49904631113145648,7.6295109483481838e-05,1.0157167925535973,-7.6295109483481838e-05,-1.0157167925535977,7.6295109483481838e-05,-0.50789654383154037,-1.0157167925535977,0.49797817959868773,7.6295109483481838e-05,0.4993514915693904,-0.49797817959868773,-1.0157167925535977,-0.49797817959868773,-0.46868085755703071,0.49919890135042344,0.79745174334325175,6.4896817721416094,0,0.042426042459879743,0,1
19,0,1,1,0,0,0,0,1,1,0,1,1,0,1,1,0,0,1,1,1,1,1,1,1,1,1,1,1,1,0,1,1,1,0,0,0,1,1,0,0,1,1,0,0,0,1,1,1,0,1,1,1,0,0,1,1,0,0,1,1,0,1,1,0,0,1,1,1,0,0,1,1,0,0,1,1,1,0,0,0,1,0,0,0,0,0,0,0,0,0,0,0,0,0,0,0,1,0,0,1,1,0,1,0,0,0,0,0,0,0,0,0,0,1,1,1,1,1,1,1,1,1,1,1,1,1,1,1,0,1,1,0,0,1,0,1,1,1,1,1,1,1,1,1,1,0,0,0,0,0,0,0,0,0,0,0,0,0,0,0,0,1,1,1,0,0,1,0,1,1,1,1,1,1,1,1,0,1,1,0,0,1,0,1,1,1,1,1,1,1,1,1,1,0,0,0,1,1,0,0,1,0,1,1,1,1,1,1,1,0,0,0,0,0,0,0,0,0,0,0,0,0,0,0,1,0,0,0,1,1,0,0,1,1,0,0,1,0,0,0,0,1,1,1,0,0,1,1,0,1,0,0,0,0,0,0,0,1,1,0,0,1,0,1,1,1,1,1,1,1,1,1,0,1,1,1,0,0,1,1,0,1,0,0,0,0,0,0,0,1,1,1,0,1,0,0,0,0,0,0,0,0,0,0,1,0,0,0,1,1,0,0,1,1,0,0,0,1,1,1,0.38168917372396427,-0.00068665598535133654,0.49919890135042344,-0.49950408178835737,-0.49919890135042344,7.6295109483481838e-05,1.0157167925535973,-7.6295109483481838e-05,-1.0157167925535977,7.6295109483481838e-05,-0.50789654383154037,-1.0157167925535977,0.49797817959868773,7.6295109483481838e-05,0.4993514915693904,-0.49797817959868773,-1.0157167925535977,-0.49797817959868773,-0.46868085755703071,0.49919890135042344,0.38168917372396427,7.3244795300537744,0,0.042387278839663825,0,1
20,0,0,1,1,0,1,1,1,1,0,0,1,0,0,0,0,0,1,1,1,1,1,1,1,1,1,1,1,1,1,1,1,1,0,0,0,1,1,0,0,1,1,0,0,1,0,0,0,0,1,1,1,0,0,1,1,0,0,1,1,0,1,1,0,0,1,1,1,0,0,1,1,0,0,1,1,1,0,0,0,1,0,0,0,0,0,0,0,0,0,0,0,0,0,0,0,1,0,0,1,1,0,1,0,0,0,0,0,0,0,0,0,0,1,1,1,1,1,1,1,1,1,1,1,1,1,1,1,0,1,1,0,0,1,0,1,1,1,1,1,1,1,1,1,1,0,0,0,0,0,0,0,0,0,0,0,0,0,0,0,0,1,1,1,0,0,1,0,1,1,1,1,1,1,1,1,0,1,1,0,0,1,0,1,1,1,1,1,1,1,1,1,1,0,0,0,1,1,0,0,1,0,1,1,1,1,1,1,1,0,0,0,0,0,0,0,0,0,0,0,0,0,0,0,1,0,0,0,1,1,0,0,1,1,0,0,1,0,0,0,0,1,1,1,0,0,1,1,0,1,0,0,0,0,0,0,0,1,1,0,0,1,0,1,1,1,1,1,1,1,1,1,0,1,1,1,0,0,1,1,0,1,0,0,0,0,0,0,0,1,1,1,0,1,0,0,0,0,0,0,0,0,0,0,1,0,0,0,1,1,0,0,1,1,0,0,0,1,1,1,0.21704432745860991,-7.6295109483481838e-05,0.4993514915693904,-0.49950408178835737,-0.49919890135042344,7.6295109483481838e-05,1.0157167925535973,-7.6295109483481838e-05,-1.0157167925535977,7.6295109483481838e-05,-0.50789654383154037,-1.0157167925535977,0.49797817959868773,7.6295109483481838e-05,0.4993514915693904,-0.49797817959868773,-1.0157167925535977,-0.49797817959868773,-0.46868085755703071,0.49919890135042344,0.21704432745860991,7.7849001493352441,0,0.042288531929741864,0,1
21,1,0,0,0,1,0,1,0,0,0,0,0,0,0,0,0,0,1,1,1,1,1,1,1,1,1,1,1,1,1,0,1,1,0,0,0,1,1,0,0,1,1,0,0,1,0,0,0,0,1,1,1,0,0,1,1,0,0,1,1,0,1,1,1,0,1,1,1,0,0,1,1,0,0,1,1,1,0,0,0,1,0,0,0,0,0,0,0,0,0,0,0,0,0,0,1,1,0,0,1,1,0,1,0,0,0,0,0,0,0,0,0,0,1,1,1,1,1,1,1,1,1,1,1,1,1,1,0,0,1,1,0,0,1,0,1,1,1,1,1,1,1,1,1,1,0,0,0,0,0,0,0,0,0,0,0,0,0,0,0,0,1,1,1,0,0,1,0,1,1,1,1,1,1,1,1,0,1,1,0,0,1,0,1,1,1,1,1,1,1,1,1,1,0,0,0,1,1,0,0,1,0,1,1,1,1,1,1,1,0,0,0,0,0,0,0,0,0,0,0,0,0,0,0,1,0,0,0,1,1,0,0,1,1,0,0,1,0,0,0,0,1,1,1,0,0,1,1,0,1,0,0,0,0,0,0,0,1,1,0,0,1,0,1,1,1,1,1,1,1,1,1,0,1,1,1,0,0,1,1,0,1,0,0,0,0,0,0,0,1,1,1,0,1,0,0,0,0,0,0,0,0,0,0,1,0,0,0,1,1,0,0,1,1,0,0,0,1,1,1,0.53907072556649116,-0.00038147554741740919,0.4993514915693904,-0.4993514915693904,-0.49919890135042344,0.00022888532845044551,1.0157167925535973,-0.00022888532845044551,-1.0157167925535977,7.6295109483481838e-05,-0.50789654383154037,-1.0157167925535977,0.49797817959868773,7.6295109483481838e-05,0.4993514915693904,-0.49797817959868773,-1.0157167925535977,-0.49797817959868773,-0.46868085755703071,0.49919890135042344,0.53907072556649116,6.971247821941545,0,0.042190000024647581,0,1
22,0,1,0,1,1,0,0,0,1,0,0,0,0,0,0,0,0,1,1,1,1,1,1,1,1,1,1,1,1,0,1,0,1,0,0,0,1,1,0,0,1,1,0,0,1,0,1,0,0,1,1,1,0,0,1,1,0,0,1,1,0,1,1,1,0,1,1,1,0,0,1,1,0,0,1,1,1,0,0,0,1,0,0,0,0,0,0,0,0,0,0,0,0,0,0,0,1,0,0,1,1,0,1,0,0,0,0,0,0,0,0,0,0,1,1,1,1,1,1,1,1,1,1,1,1,0,1,1,0,1,1,0,0,1,0,1,1,1,1,1,1,1,1,1,1,0,0,0,0,0,0,0,0,0,0,0,0,0,0,0,0,1,1,1,0,0,1,0,1,1,1,1,1,1,1,1,0,1,1,0,0,1,0,1,1,1,1,1,1,1,1,1,1,0,0,0,1,1,0,0,1,0,1,1,1,1,1,1,1,0,0,0,0,0,0,0,0,0,0,0,0,0,0,0,1,0,0,0,1,1,0,0,1,1,0,0,1,0,0,0,0,1,1,1,0,0,1,1,0,1,0,0,0,0,0,0,0,1,1,0,0,1,0,1,1,1,1,1,1,1,1,1,0,1,1,1,0,0,1,1,0,1,0,0,0,0,0,0,0,1,1,1,0,1,0,0,0,0,0,0,0,0,0,0,1,0,0,0,1,1,0,0,1,1,0,0,0,1,1,1,0.34570840009155412,-0.00083924620431830022,0.49965667200732433,-0.4993514915693904,-0.49919890135042344,7.6295109483481838e-05,1.0157167925535973,-0.00068665598535133654,-1.0157167925535977,7.6295109483481838e-05,-0.50789654383154037,-1.0157167925535977,0.49797817959868773,7.6295109483481838e-05,0.4993514915693904,-0.49797817959868773,-1.0157167925535977,-0.49797817959868773,-0.46868085755703071,0.49919890135042344,0.34570840009155412,7.4155056296916104,0,0.042151398772299911,0,1
23,1,1,1,1,0,0,0,0,0,0,0,0,0,0,1,0,0,1,1,1,1,1,1,1,1,1,1,1,1,1,1,0,1,0,0,0,1,1,0,0,1,1,0,0,0,1,0,1,0,1,1,1,0,0,1,1,0,0,1,1,0,1,1,0,0,1,1,1,0,0,1,1,0,0,1,1,1,0,0,0,1,0,0,0,0,0,0,0,0,0,0,0,0,0,0,1,1,0,0,1,1,0,1,0,0,0,0,0,0,0,0,0,0,1,1,1,1,1,1,1,1,1,1,1,1,1,1,1,0,1,1,0,0,1,0,1,1,1,1,1,1,1,1,1,1,0,0,0,0,0,0,0,0,0,0,0,0,0,0,0,0,1,1,1,0,0,1,0,1,1,1,1,1,1,1,1,0,1,1,0,0,1,0,1,1,1,1,1,1,1,1,1,1,0,0,0,1,1,0,0,1,0,1,1,1,1,1,1,1,0,0,0,0,0,0,0,0,0,0,0,0,0,0,0,1,0,0,0,1,1,0,0,1,1,0,0,1,0,0,0,0,1,1,1,0,0,1,1,0,1,0,0,0,0,0,0,0,1,1,0,0,1,0,1,1,1,1,1,1,1,1,1,0,1,1,1,0,0,1,1,0,1,0,0,0,0,0,0,0,1,1,1,0,1,0,0,0,0,0,0,0,0,0,0,1,0,0,0,1,1,0,0,1,1,0,0,0,1,1,1,0.93754482337682155,-0.00022888532845044551,0.49889372091248951,-0.49950408178835737,-0.49919890135042344,0.00022888532845044551,1.0157167925535973,-7.6295109483481838e-05,-1.0157167925535977,7.6295109483481838e-05,-0.50789654383154037,-1.0157167925535977,0.49797817959868773,7.6295109483481838e-05,0.4993514915693904,-0.49797817959868773,-1.0157167925535977,-0.49797817959868773,-0.46868085755703071,0.49919890135042344,0.93754482337682155,6.2614710633244446,0,0.041713746451845918,0,1
24,0,0,1,0,0,1,1,1,1,0,0,0,0,0,1,1,0,1,1,1,1,1,1,1,1,1,1,1,1,1,1,0,1,0,0,0,1,1,0,0,1,1,0,0,1,0,0,1,0,1,1,1,0,0,1,1,0,0,1,1,0,1,1,0,0,1,1,1,0,0,1,1,0,0,1,1,1,0,0,0,1,0,0,0,0,0,0,0,0,0,0,0,0,0,0,0,1,0,0,1,1,0,1,0,0,0,0,0,0,0,0,0,0,1,1,1,1,1,1,1,1,1,1,1,1,1,1,0,0,1,1,0,0,1,0,1,1,1,1,1,1,1,1,1,1,0,0,0,0,0,0,0,0,0,0,0,0,0,0,0,0,1,1,1,0,0,1,0,1,1,1,1,1,1,1,1,0,1,1,0,0,1,0,1,1,1,1,1,1,1,1,1,1,0,0,0,1,1,0,0,1,0,1,1,1,1,1,1,1,0,0,0,0,0,0,0,0,0,0,0,0,0,0,0,1,0,0,0,1,1,0,0,1,1,0,0,1,0,0,0,0,1,1,1,0,0,1,1,0,1,0,0,0,0,0,0,0,1,1,0,0,1,0,1,1,1,1,1,1,1,1,1,0,1,1,1,0,0,1,1,0,1,0,0,0,0,0,0,0,1,1,1,0,1,0,0,0,0,0,0,0,0,0,0,1,0,0,0,1,1,0,0,1,1,0,0,0,1,1,1,0.15434500648508431,-0.00022888532845044551,0.49950408178835737,-0.49950408178835737,-0.49919890135042344,7.6295109483481838e-05,1.0157167925535973,-0.00022888532845044551,-1.0157167925535977,7.6295109483481838e-05,-0.50789654383154037,-1.0157167925535977,0.49797817959868773,7.6295109483481838e-05,0.4993514915693904,-0.49797817959868773,-1.0157167925535977,-0.49797817959868773,-0.46868085755703071,0.49919890135042344,0.15434500648508431,8.0064141871747072,0,0.041414453417429345,0,1
25,1,0,0,1,0,1,1,1,1,0,0,0,0,0,1,1,0,1,1,1,1,1,1,1,1,1,1,1,1,1,1,0,1,0,0,0,1,1,0,0,1,1,0,0,1,0,0,1,0,1,1,1,0,0,1,1,0,0,1,1,0,1,1,1,0,1,1,1,0,0,1,1,0,0,1,1,1,0,0,0,1,0,0,0,0,0,0,0,0,0,0,0,0,0,0,0,1,0,0,1,1,0,1,0,0,0,0,0,0,0,0,0,0,1,1,1,1,1,1,1,1,1,1,1,1,1,1,1,0,1,1,0,0,1,0,1,1,1,1,1,1,1,1,1,1,0,0,0,0,0,0,0,0,0,0,0,0,0,0,0,0,1,1,1,0,0,1,0,1,1,1,1,1,1,1,1,0,1,1,0,0,1,0,1,1,1,1,1,1,1,1,1,1,0,0,0,1,1,0,0,1,0,1,1,1,1,1,1,1,0,0,0,0,0,0,0,0,0,0,0,0,0,0,0,1,0,0,0,1,1,0,0,1,1,0,0,1,0,0,0,0,1,1,1,0,0,1,1,0,1,0,0,0,0,0,0,0,1,1,0,0,1,0,1,1,1,1,1,1,1,1,1,0,1,1,1,0,0,1,1,0,1,0,0,0,0,0,0,0,1,1,1,0,1,0,0,0,0,0,0,0,0,0,0,1,0,0,0,1,1,0,0,1,1,0,0,0,1,1,1,0.59185168230716412,-0.00022888532845044551,0.49950408178835737,-0.4993514915693904,-0.49919890135042344,7.6295109483481838e-05,1.0157167925535973,-7.6295109483481838e-05,-1.0157167925535977,7.6295109483481838e-05,-0.50789654383154037,-1.0157167925535977,0.49797817959868773,7.6295109483481838e-05,0.4993514915693904,-0.49797817959868773,-1.0157167925535977,-0.49797817959868773,-0.46868085755703071,0.49919890135042344,0.59185168230716412,6.8646660194617111,0,0.04083909514047198,0,1
26,0,1,0,1,1,1,1,0,1,0,0,0,0,0,0,0,0,1,1,1,1,1,1,1,1,1,1,1,1,1,1,1,1,0,0,0,1,1,0,0,1,1,0,0,1,1,0,1,0,1,1,1,0,0,1,1,0,0,1,1,0,1,1,1,0,1,1,1,0,0,1,1,0,0,1,1,1,0,0,0,1,0,0,0,0,0,0,0,0,0,0,0,0,0,0,0,1,0,0,1,1,0,1,0,0,0,0,0,0,0,0,0,0,1,1,1,1,1,1,1,1,1,1,1,1,1,1,1,0,1,1,0,0,1,0,1,1,1,1,1,1,1,1,1,1,0,0,0,0,0,0,0,0,0,0,0,0,0,0,0,0,1,1,1,0,0,1,0,1,1,1,1,1,1,1,1,0,1,1,0,0,1,0,1,1,1,1,1,1,1,1,1,1,0,0,0,1,1,0,0,1,0,1,1,1,1,1,0,1,0,0,0,0,0,0,0,0,0,0,0,0,0,0,0,1,0,0,0,1,1,0,0,1,1,0,0,1,0,0,0,0,1,1,1,0,0,1,1,0,1,0,0,0,0,0,0,0,1,1,0,0,1,0,1,1,1,1,1,1,1,1,1,0,1,1,1,0,0,1,1,0,1,0,0,0,0,0,0,0,1,1,1,0,1,0,0,0,0,0,0,0,0,0,0,1,0,0,0,1,1,0,0,1,1,0,0,0,1,1,1,0.36914625772487986,-7.6295109483481838e-05,0.50011444266422522,-0.4993514915693904,-0.49919890135042344,7.6295109483481838e-05,1.0157167925535973,-7.6295109483481838e-05,-1.0157167925535977,7.6295109483481838e-05,-0.50789654383154037,-1.0157167925535977,0.49782558937972077,7.6295109483481838e-05,0.4993514915693904,-0.49797817959868773,-1.0157167925535977,-0.49797817959868773,-0.46868085755703071,0.49919890135042344,0.36914625772487986,7.3558739580014292,0,0.040717884719072076,0,1
27,0,0,0,0,0,1,0,1,1,0,1,1,0,1,1,0,0,1,1,1,1,1,1,1,1,1,1,1,0,0,1,1,1,0,0,0,1,1,0,0,1,1,0,0,0,1,1,1,0,1,1,1,0,0,1,1,0,0,1,1,0,1,1,0,0,1,1,1,0,0,1,1,0,0,1,1,1,0,0,0,1,0,0,0,0,0,0,0,0,0,0,0,0,0,0,0,1,0,0,1,1,0,1,0,0,0,0,0,0,0,0,0,0,1,1,1,1,1,1,1,1,1,1,1,1,1,1,0,0,1,1,0,0,1,0,1,1,1,1,1,1,1,1,1,1,0,0,0,0,0,0,0,0,0,0,0,0,0,0,0,0,1,1,1,0,0,1,0,1,1,1,1,1,1,1,1,0,1,1,0,0,1,0,1,1,1,1,1,0,1,1,1,1,0,0,0,1,1,0,0,1,0,1,1,1,1,1,1,1,0,0,0,0,0,0,0,0,0,0,0,0,0,0,0,1,0,0,0,1,1,0,0,1,1,0,0,1,0,0,0,0,1,1,1,0,0,1,1,0,1,0,0,0,0,0,0,0,1,1,0,0,1,0,1,1,1,1,1,1,1,1,1,0,1,1,1,0,0,1,1,0,1,0,0,0,0,0,0,0,1,1,1,0,1,0,0,0,0,0,0,0,0,0,0,1,0,0,0,1,1,0,0,1,1,0,0,0,1,1,1,0.022308690012970169,-0.0019073777370870459,0.49919890135042344,-0.49950408178835737,-0.49919890135042344,7.6295109483481838e-05,1.0157167925535973,-0.00022888532845044551,-1.0157167925535977,7.6295109483481838e-05,-0.50789654383154037,-1.0169375143053334,0.49797817959868773,7.6295109483481838e-05,0.4993514915693904,-0.49797817959868773,-1.0157167925535977,-0.49797817959868773,-0.46868085755703071,0.49919890135042344,0.022308690012970169,8.7805994271200234,0,0.040664258918349697,0,1
28,0,0,0,0,1,1,0,0,0,0,0,0,0,0,0,0,0,1,1,1,1,1,1,1,1,1,1,1,1,1,1,0,1,0,0,0,1,1,0,0,1,1,0,0,1,0,0,0,0,1,1,1,0,0,1,1,0,0,1,1,0,1,1,1,0,1,1,1,0,0,1,1,0,0,1,1,1,0,0,0,1,0,0,0,0,0,0,0,0,0,0,0,0,0,0,0,1,0,0,1,1,0,1,0,0,0,0,0,0,0,0,0,0,1,1,1,1,1,1,1,1,1,1,1,1,1,1,1,0,1,1,0,0,1,0,1,1,1,1,1,1,1,1,1,1,0,0,0,0,0,0,0,0,0,0,0,0,0,0,0,0,1,1,1,0,0,1,0,1,1,1,1,1,1,1,1,0,1,1,0,0,1,0,1,1,1,1,1,1,1,1,1,1,0,0,0,1,1,0,0,1,0,1,1,1,1,1,1,1,0,0,0,0,0,0,0,0,0,0,0,0,0,0,0,1,0,0,0,1,1,0,0,1,1,0,0,1,0,0,0,0,1,1,1,0,0,1,1,0,1,0,0,0,0,0,0,0,1,1,0,0,1,0,1,1,1,1,1,1,1,1,1,0,1,1,1,0,0,1,1,0,1,0,0,0,0,0,0,0,1,1,1,0,1,0,0,0,0,0,0,0,0,0,0,1,0,0,0,1,1,0,0,1,1,0,0,0,1,1,1,0.046875715266651408,-0.00022888532845044551,0.4993514915693904,-0.4993514915693904,-0.49919890135042344,7.6295109483481838e-05,1.0157167925535973,-7.6295109483481838e-05,-1.0157167925535977,7.6295109483481838e-05,-0.50789654383154037,-1.0157167925535977,0.49797817959868773,7.6295109483481838e-05,0.4993514915693904,-0.49797817959868773,-1.0157167925535977,-0.49797817959868773,-0.46868085755703071,0.49919890135042344,0.046875715266651408,8.5412151050463301,0,0.040662231098889348,0,1
29,1,1,0,0,0,0,1,1,0,0,1,1,0,0,0,0,0,1,1,1,1,1,1,1,1,1,1,1,1,0,1,1,1,0,0,0,1,1,0,0,1,1,0,0,1,0,0,0,0,1,1,1,0,0,1,1,0,0,1,1,0,1,1,1,0,1,1,1,0,0,1,1,0,0,1,1,1,0,0,0,1,0,0,0,0,0,0,0,0,0,0,0,0,0,0,0,1,0,0,1,1,0,1,0,0,0,0,0,0,0,0,0,0,1,1,1,1,1,1,1,1,1,1,1,1,1,1,0,0,1,1,0,0,1,0,1,1,1,1,1,1,1,1,1,1,0,0,0,0,0,0,0,0,0,0,0,0,0,0,0,0,1,1,1,0,0,1,0,1,1,1,1,1,1,1,1,0,1,1,0,0,1,0,1,1,1,1,1,1,1,1,1,1,0,0,0,1,1,0,0,1,0,1,1,1,1,1,1,1,0,0,0,0,0,0,0,0,0,0,0,0,0,0,0,1,0,0,0,1,1,0,0,1,1,0,0,1,0,0,0,0,1,1,1,0,0,1,1,0,1,0,0,0,0,0,0,0,1,1,0,0,1,0,1,1,1,1,1,1,1,1,1,0,1,1,1,0,0,1,1,0,1,0,0,0,0,0,0,0,1,1,1,0,1,0,0,0,0,0,0,0,0,0,0,1,0,0,0,1,1,0,0,1,1,0,0,0,1,1,1,0.76246280613412676,-0.00068665598535133654,0.4993514915693904,-0.4993514915693904,-0.49919890135042344,7.6295109483481838e-05,1.0157167925535973,-0.00022888532845044551,-1.0157167925535977,7.6295109483481838e-05,-0.50789654383154037,-1.0157167925535977,0.49797817959868773,7.6295109483481838e-05,0.4993514915693904,-0.49797817959868773,-1.0157167925535977,-0.49797817959868773,-0.46868085755703071,0.49919890135042344,0.76246280613412676,6.5499455265079973,0,0.040569079347779133,0,1
30,0,1,1,1,1,1,1,0,0,0,0,0,0,0,0,0,0,1,1,1,1,1,1,1,1,1,1,1,1,1,1,0,1,0,0,0,1,1,0,0,1,1,0,0,0,1,1,1,0,1,1,1,0,0,1,1,0,0,1,1,0,1,1,0,0,1,1,1,0,0,1,1,0,0,1,1,1,0,0,0,1,0,0,0,0,0,0,0,0,0,0,0,0,0,0,0,1,0,0,1,1,0,1,0,0,0,0,0,0,0,0,0,0,1,1,1,1,1,1,1,1,1,1,1,1,1,1,1,0,1,1,0,0,1,0,1,1,1,1,1,1,1,1,1,1,0,0,0,0,0,0,0,0,0,0,0,0,0,0,0,0,1,1,1,0,0,1,0,1,1,1,1,1,1,1,1,0,1,1,0,0,1,0,1,1,1,1,1,1,1,1,1,1,0,0,0,1,1,0,0,1,0,1,1,1,1,1,1,1,0,0,0,0,0,0,0,0,0,0,0,0,0,0,0,1,0,0,0,1,1,0,0,1,1,0,0,1,0,0,0,0,1,1,1,0,0,1,1,0,1,0,0,0,0,0,0,0,1,1,0,0,1,0,1,1,1,1,1,1,1,1,1,0,1,1,1,0,0,1,1,0,1,0,0,0,0,0,0,0,1,1,1,0,1,0,0,0,0,0,0,0,0,0,0,1,0,0,0,1,1,0,0,1,1,0,0,0,1,1,1,0.49219501029983981,-0.00022888532845044551,0.49919890135042344,-0.49950408178835737,-0.49919890135042344,7.6295109483481838e-05,1.0157167925535973,-7.6295109483481838e-05,-1.0157167925535977,7.6295109483481838e-05,-0.50789654383154037,-1.0157167925535977,0.49797817959868773,7.6295109483481838e-05,0.4993514915693904,-0.49797817959868773,-1.0157167925535977,-0.49797817959868773,-0.46868085755703071,0.49919890135042344,0.49219501029983981,7.0701663497161418,0,0.040441650114714109,0,1
31,1,0,1,0,0,0,0,0,0,0,0,0,0,0,0,0,0,1,1,1,1,1,1,1,1,1,1,1,1,1,1,0,1,0,0,0,1,1,0,0,1,1,0,0,1,0,0,1,0,1,1,1,0,0,1,1,0,0,1,1,0,1,1,0,0,1,1,1,0,0,1,1,0,0,1,1,1,0,0,0,1,0,0,0,0,0,0,0,0,0,0,0,0,0,0,0,1,0,0,1,1,0,1,0,0,0,0,0,0,0,0,0,0,1,1,1,1,1,1,1,1,1,1,1,1,1,1,1,0,1,1,0,0,1,0,1,1,1,1,1,1,1,1,1,1,0,0,0,0,0,0,0,0,0,0,0,0,0,0,0,0,1,1,1,0,0,1,0,1,1,1,1,1,1,1,1,0,1,1,0,0,1,0,1,1,1,1,1,1,1,1,1,1,0,0,0,1,1,0,0,1,0,1,1,1,1,1,1,1,0,0,0,0,0,0,0,0,0,0,0,0,0,0,0,1,0,0,0,1,1,0,0,1,1,0,0,1,0,0,0,0,1,1,1,0,0,1,1,0,1,0,0,0,0,0,0,0,1,1,0,0,1,0,1,1,1,1,1,1,1,1,1,0,1,1,1,0,0,1,1,0,1,0,0,0,0,0,0,0,1,1,1,0,1,0,0,0,0,0,0,0,0,0,0,1,0,0,0,1,1,0,0,1,1,0,0,0,1,1,1,0.62500953688868544,-0.00022888532845044551,0.49950408178835737,-0.49950408178835737,-0.49919890135042344,7.6295109483481838e-05,1.0157167925535973,-7.6295109483481838e-05,-1.0157167925535977,7.6295109483481838e-05,-0.50789654383154037,-1.0157167925535977,0.49797817959868773,7.6295109483481838e-05,0.4993514915693904,-0.49797817959868773,-1.0157167925535977,-0.49797817959868773,-0.46868085755703071,0.49919890135042344,0.62500953688868544,6.8002121047333457,0,0.039731872877314084,0,1
32,0,0,1,0,1,0,1,0,0,1,1,0,0,1,0,1,0,1,1,1,1,1,1,1,1,1,1,1,1,1,1,0,1,0,0,0,1,1,0,0,1,1,0,0,1,0,0,0,0,1,1,1,0,0,1,1,0,0,1,1,0,1,1,1,0,1,1,1,0,0,1,1,0,0,1,1,1,0,0,0,1,0,0,0,0,0,0,0,0,0,0,0,0,0,0,0,1,0,0,1,1,0,1,0,0,0,0,0,0,0,0,0,0,1,1,1,1,1,1,1,1,1,1,1,1,1,1,1,0,1,1,0,0,1,0,1,1,1,1,1,1,1,1,1,1,0,0,0,0,0,0,0,0,0,0,0,0,0,0,0,0,1,1,1,0,0,1,0,1,1,1,1,1,1,1,1,0,1,1,0,0,1,0,1,1,1,1,1,1,1,1,1,1,0,0,0,1,1,0,0,1,0,1,1,1,1,1,1,1,0,0,0,0,0,0,0,0,0,0,0,0,0,0,0,1,0,0,0,1,1,0,0,1,1,0,0,1,0,0,0,0,1,1,1,0,0,1,1,0,1,0,0,0,0,0,0,0,1,1,0,0,1,0,1,1,1,1,1,1,1,1,1,0,1,1,1,0,0,1,1,0,1,0,0,0,0,0,0,0,1,1,1,0,1,0,0,0,0,0,0,0,0,0,0,1,0,0,0,1,1,0,0,1,1,0,0,0,1,1,1,0.16560616464484626,-0.00022888532845044551,0.4993514915693904,-0.4993514915693904,-0.49919890135042344,7.6295109483481838e-05,1.0157167925535973,-7.6295109483481838e-05,-1.0157167925535977,7.6295109483481838e-05,-0.50789654383154037,-1.0157167925535977,0.49797817959868773,7.6295109483481838e-05,0.4993514915693904,-0.49797817959868773,-1.0157167925535977,-0.49797817959868773,-0.46868085755703071,0.49919890135042344,0.16560616464484626,7.9636517302501915,0,0.039323087553704297,0,1
33,1,0,1,1,0,1,0,0,0,0,1,0,0,0,0,0,0,1,1,1,1,1,1,1,1,1,1,1,1,1,1,0,1,0,0,0,1,1,0,0,1,1,0,0,1,0,0,0,0,1,1,1,0,0,1,1,0,0,1,1,0,1,1,1,0,1,1,1,0,0,1,1,0,0,1,1,1,0,0,0,1,0,0,0,0,0,0,0,0,0,0,0,0,0,0,0,1,0,0,1,1,0,1,0,0,0,0,0,0,0,0,0,0,1,1,1,1,1,1,1,1,1,1,1,1,1,1,1,0,1,1,0,0,1,0,1,1,1,1,1,1,1,1,1,1,0,0,0,0,0,0,0,0,0,0,0,0,0,0,0,0,1,1,1,0,0,1,0,1,1,1,1,1,1,1,1,0,1,1,0,0,1,0,1,1,1,1,1,1,1,1,1,1,0,0,0,1,1,0,0,1,0,1,1,1,1,1,1,1,0,0,0,0,0,0,0,0,0,0,0,0,0,0,0,1,0,0,0,1,1,0,0,1,1,0,0,1,0,0,0,0,1,1,1,0,0,1,1,0,1,0,0,0,0,0,0,0,1,1,0,0,1,0,1,1,1,1,1,1,1,1,1,0,1,1,1,0,0,1,1,0,1,0,0,0,0,0,0,0,1,1,1,0,1,0,0,0,0,0,0,0,0,0,0,1,0,0,0,1,1,0,0,1,1,0,0,0,1,1,1,0.70362401770046545,-0.00022888532845044551,0.4993514915693904,-0.4993514915693904,-0.49919890135042344,7.6295109483481838e-05,1.0157167925535973,-7.6295109483481838e-05,-1.0157167925535977,7.6295109483481838e-05,-0.50789654383154037,-1.0157167925535977,0.49797817959868773,7.6295109483481838e-05,0.4993514915693904,-0.49797817959868773,-1.0157167925535977,-0.49797817959868773,-0.46868085755703071,0.49919890135042344,0.70362401770046545,6.6538619471963685,0,0.039314697235918419,0,1
34,1,0,0,1,1,1,0,0,0,0,0,0,0,0,0,0,0,1,1,1,1,1,1,1,1,1,1,1,1,0,1,0,1,0,0,0,1,1,0,0,1,1,0,0,0,1,1,1,0,1,1,1,0,0,1,1,0,0,1,1,0,1,1,0,0,1,1,1,0,0,1,1,0,0,1,1,1,0,0,0,1,0,0,0,0,0,0,0,0,0,0,0,0,0,0,0,1,0,0,1,1,0,1,0,0,0,0,0,0,0,0,0,0,1,1,1,1,1,1,1,1,1,1,1,1,1,1,1,0,1,1,0,0,1,0,1,1,1,1,1,1,1,1,1,1,0,0,0,0,0,0,0,0,0,0,0,0,0,0,0,0,1,1,1,0,0,1,0,1,1,1,1,1,1,1,1,0,1,1,0,0,1,0,1,1,1,1,1,1,1,1,1,1,0,0,0,1,1,0,0,1,0,1,1,1,1,1,1,1,0,0,0,0,0,0,0,0,0,0,0,0,0,0,0,1,0,0,0,1,1,0,0,1,1,0,0,1,0,0,0,0,1,1,1,0,0,1,1,0,1,0,0,0,0,0,0,0,1,1,0,0,1,0,1,1,1,1,1,1,1,1,1,0,1,1,1,0,0,1,1,0,1,0,0,0,0,0,0,0,1,1,1,0,1,0,0,0,0,0,0,0,0,0,0,1,0,0,0,1,1,0,0,1,1,0,0,0,1,1,1,0.60938429846646835,-0.00083924620431830022,0.49919890135042344,-0.49950408178835737,-0.49919890135042344,7.6295109483481838e-05,1.0157167925535973,-7.6295109483481838e-05,-1.0157167925535977,7.6295109483481838e-05,-0.50789654383154037,-1.0157167925535977,0.49797817959868773,7.6295109483481838e-05,0.4993514915693904,-0.49797817959868773,-1.0157167925535977,-0.49797817959868773,-0.46868085755703071,0.49919890135042344,0.60938429846646835,6.8308283210505722,0,0.038826054124881479,0,1
35,1,0,1,0,1,0,1,1,0,0,1,0,0,0,0,0,0,1,1,1,1,1,1,1,1,1,1,1,1,1,1,0,1,0,0,0,1,1,0,0,1,1,0,0,1,0,0,1,0,1,1,1,0,0,1,1,0,0,1,1,0,1,1,0,0,1,1,1,0,0,1,1,0,0,1,1,1,0,0,1,1,0,0,0,0,0,0,0,0,0,0,0,0,0,0,1,1,0,0,1,1,0,1,0,0,0,0,0,0,0,0,0,0,1,1,1,1,1,1,1,1,1,1,1,1,1,1,0,0,1,1,0,0,1,0,1,1,1,1,1,1,1,1,1,1,0,0,0,0,0,0,0,0,0,0,0,0,0,0,0,0,1,1,1,0,0,1,0,1,1,1,1,1,1,1,1,0,1,1,0,0,1,0,1,1,1,1,1,1,1,1,1,1,0,0,0,1,1,0,0,1,0,1,1,1,1,1,1,1,0,0,0,0,0,0,0,0,0,0,0,0,0,0,0,1,0,0,0,1,1,0,0,1,1,0,0,1,0,0,0,0,1,1,1,0,0,1,1,0,1,0,0,0,0,0,0,0,1,1,0,0,1,0,1,1,1,1,1,1,1,1,1,0,1,1,1,0,0,1,1,0,1,0,0,0,0,0,0,0,1,1,1,0,1,0,0,0,0,0,0,0,0,0,0,1,0,0,0,1,1,0,0,1,1,0,0,0,1,1,1,0.6684672312504768,-0.00022888532845044551,0.49950408178835737,-0.49950408178835737,-0.49904631113145648,0.00022888532845044551,1.0157167925535973,-0.00022888532845044551,-1.0157167925535977,7.6295109483481838e-05,-0.50789654383154037,-1.0157167925535977,0.49797817959868773,7.6295109483481838e-05,0.4993514915693904,-0.49797817959868773,-1.0157167925535977,-0.49797817959868773,-0.46868085755703071,0.49919890135042344,0.6684672312504768,6.7183715935635098,0,0.038505902880795639,0,1
36,1,0,1,0,0,1,1,0,0,0,0,0,0,0,0,0,0,1,1,1,1,1,1,1,1,1,1,0,1,0,1,1,1,0,0,0,1,1,0,0,1,1,0,0,0,1,0,1,0,1,1,1,0,0,1,1,0,0,1,1,0,1,1,1,0,1,1,1,0,0,1,1,0,0,1,1,1,0,0,0,1,0,0,0,0,0,0,0,0,0,0,0,0,0,0,0,1,0,0,1,1,0,1,0,0,0,0,0,0,0,0,0,0,1,1,1,1,1,1,1,1,1,1,1,1,1,1,1,0,1,1,0,0,1,0,1,1,1,1,1,1,1,1,1,1,0,0,0,0,0,0,0,0,0,0,0,0,0,0,0,0,1,1,1,0,0,1,0,1,1,1,1,1,1,1,1,0,1,1,0,0,1,0,1,1,1,1,1,1,1,1,1,1,0,0,0,1,1,0,0,1,0,1,1,1,1,1,1,1,0,0,0,0,0,0,0,0,0,0,0,0,0,0,0,1,0,0,0,1,1,0,0,1,1,0,0,1,0,0,0,0,1,1,1,0,0,1,1,0,1,0,0,0,0,0,0,0,1,1,0,0,1,0,1,1,1,1,1,1,1,1,1,0,1,1,1,0,0,1,1,0,1,0,0,0,0,0,0,0,1,1,1,0,1,0,0,0,0,0,0,0,0,0,0,1,0,0,0,1,1,0,0,1,1,0,0,0,1,1,1,0.64844739452201117,-0.0031280994888227553,0.49889372091248951,-0.4993514915693904,-0.49919890135042344,7.6295109483481838e-05,1.0157167925535973,-7.6295109483481838e-05,-1.0157167925535977,7.6295109483481838e-05,-0.50789654383154037,-1.0157167925535977,0.49797817959868773,7.6295109483481838e-05,0.4993514915693904,-0.49797817959868773,-1.0157167925535977,-0.49797817959868773,-0.46868085755703071,0.49919890135042344,0.64844739452201117,6.7624704880324762,0,0.03844996540751864,0,1
37,1,1,0,0,0,1,1,1,0,0,0,0,1,0,1,0,0,1,1,1,1,1,1,1,1,1,1,1,1,0,1,1,1,0,0,0,1,1,0,0,1,1,0,0,0,1,1,1,0,1,1,1,0,0,1,1,0,0,1,1,0,1,1,0,0,1,1,1,0,0,1,1,0,0,1,1,1,0,0,0,1,0,0,0,0,0,0,0,0,0,0,0,0,0,1,0,1,0,0,1,1,0,1,0,0,0,0,0,0,0,0,0,0,1,1,1,1,1,1,1,1,1,1,1,1,1,1,1,0,1,1,0,0,1,0,1,1,1,1,1,1,1,1,1,1,0,0,0,0,0,0,0,0,0,0,0,0,0,0,0,0,1,1,1,0,0,1,0,1,1,1,1,1,1,1,1,0,1,1,0,0,1,0,1,1,1,1,1,1,1,1,1,1,0,0,0,1,1,0,0,1,0,1,1,1,1,1,1,1,0,0,0,0,0,0,0,0,0,0,0,0,0,0,0,1,0,0,0,1,1,0,0,1,1,0,0,1,0,0,0,0,1,1,1,0,0,1,1,0,1,0,0,0,0,0,1,0,1,1,0,0,1,0,1,1,1,1,1,1,1,1,1,0,1,1,1,0,0,1,1,0,1,0,0,0,0,0,0,0,1,1,1,0,1,0,0,0,0,0,0,0,0,0,0,1,0,0,0,1,1,0,0,1,1,0,0,0,1,1,1,0.77750820172426949,-0.00068665598535133654,0.49919890135042344,-0.49950408178835737,-0.49919890135042344,0.00038147554741740919,1.0157167925535973,-7.6295109483481838e-05,-1.0157167925535977,7.6295109483481838e-05,-0.50789654383154037,-1.0157167925535977,0.49797817959868773,7.6295109483481838e-05,0.4993514915693904,-0.49782558937972077,-1.0157167925535977,-0.49797817959868773,-0.46868085755703071,0.49919890135042344,0.77750820172426949,6.524341130309069,0,0.037669889145281452,0,1
38,0,0,1,1,1,0,0,1,0,1,1,1,0,0,0,0,0,1,1,1,1,1,1,1,1,1,1,1,1,0,1,1,1,0,0,0,1,1,0,0,1,1,0,0,1,0,0,0,0,1,1,1,0,0,1,1,0,0,1,1,0,1,1,1,0,1,1,1,0,0,1,1,0,0,1,1,1,0,0,0,1,0,0,0,0,0,0,0,0,0,0,0,0,0,0,0,1,0,0,1,1,0,1,0,0,0,0,0,0,0,0,0,0,1,1,1,1,1,1,1,1,1,1,1,1,1,1,1,0,1,1,0,0,1,0,1,1,1,1,1,1,1,1,1,1,0,0,0,0,0,0,0,0,0,0,0,0,0,0,0,0,1,1,1,0,0,1,0,1,1,1,1,1,1,1,1,0,1,1,0,0,1,0,1,1,1,1,1,1,1,1,1,1,0,0,0,1,1,0,0,1,0,1,1,1,1,1,1,1,0,0,0,0,0,0,0,0,0,0,0,0,0,0,0,1,0,0,0,1,1,0,0,1,1,0,0,1,0,0,0,0,1,1,1,0,0,1,1,0,1,0,0,0,0,0,0,0,1,1,0,0,1,0,1,1,1,1,1,1,1,1,1,0,1,1,1,0,0,1,1,0,1,0,0,0,0,0,0,0,1,1,1,0,1,0,0,0,0,0,0,0,0,0,0,1,0,0,0,1,1,0,0,1,1,0,0,0,1,1,1,0.22436865796902419,-0.00068665598535133654,0.4993514915693904,-0.4993514915693904,-0.49919890135042344,7.6295109483481838e-05,1.0157167925535973,-7.6295109483481838e-05,-1.0157167925535977,7.6295109483481838e-05,-0.50789654383154037,-1.0157167925535977,0.49797817959868773,7.6295109483481838e-05,0.4993514915693904,-0.49797817959868773,-1.0157167925535977,-0.49797817959868773,-0.46868085755703071,0.49919890135042344,0.22436865796902419,7.7615839549703081,0,0.037510319925361732,0,1
39,0,0,1,0,0,1,0,0,1,0,0,0,0,0,0,0,0,1,1,1,1,1,1,1,1,1,1,1,1,0,1,0,1,0,0,0,1,1,0,0,1,1,0,0,1,1,1,0,0,1,1,1,0,0,1,1,0,0,1,1,0,1,1,1,0,1,1,1,0,0,1,1,0,0,1,1,1,0,0,0,1,0,0,0,0,0,0,0,0,0,0,0,0,0,0,0,1,0,0,1,1,0,1,0,0,0,0,0,0,0,0,0,0,1,1,1,1,1,1,1,1,1,1,1,1,1,1,1,0,1,1,0,0,1,0,1,1,1,1,1,1,1,1,1,1,0,0,0,0,0,0,0,0,0,0,0,0,0,0,0,0,1,1,1,0,0,1,0,1,1,1,1,1,1,1,1,0,1,1,0,0,1,0,1,1,1,1,1,1,1,1,1,1,0,0,0,1,1,0,0,1,0,1,1,1,1,1,1,1,0,0,0,0,0,0,0,0,0,0,0,0,0,0,0,1,0,0,0,1,1,0,0,1,1,0,0,1,0,0,0,0,1,1,1,0,0,1,1,0,1,0,0,0,0,0,0,0,1,1,0,0,1,0,1,1,1,1,1,1,1,1,1,0,1,1,1,0,0,1,1,0,1,0,0,0,0,0,0,0,1,1,1,0,1,0,0,0,0,0,0,0,0,0,0,1,0,0,0,1,1,0,0,1,1,0,0,0,1,1,1,0.14258030060273136,-0.00083924620431830022,0.50026703288319219,-0.4993514915693904,-0.49919890135042344,7.6295109483481838e-05,1.0157167925535973,-7.6295109483481838e-05,-1.0157167925535977,7.6295109483481838e-05,-0.50789654383154037,-1.0157167925535977,0.49797817959868773,7.6295109483481838e-05,0.4993514915693904,-0.49797817959868773,-1.0157167925535977,-0.49797817959868773,-0.46868085755703071,0.49919890135042344,0.14258030060273136,8.0537450731693614,0,0.036823896445464604,0,1
40,0,0,0,0,0,1,0,0,1,0,0,1,0,0,0,0,0,1,1,1,1,1,1,1,1,1,1,1,1,1,1,0,1,0,0,0,1,1,0,0,1,1,0,0,1,0,0,0,0,1,1,1,0,0,1,1,0,0,1,1,0,1,1,0,0,1,1,1,0,0,1,1,0,0,1,1,1,0,0,0,1,0,0,0,0,0,0,0,0,0,0,0,0,0,1,0,1,0,0,1,1,0,1,0,0,0,0,0,0,0,0,0,0,1,1,1,1,1,1,1,1,1,1,1,1,1,1,1,0,1,1,0,0,1,0,1,1,1,1,1,1,1,1,1,1,0,0,0,0,0,0,0,0,0,0,0,0,0,0,0,0,1,1,1,0,0,1,0,1,1,1,1,1,1,1,0,0,1,1,0,0,1,0,1,1,1,1,1,1,1,1,1,1,0,0,0,1,1,0,0,1,0,1,1,1,1,1,1,1,0,0,0,0,0,0,0,0,0,0,1,0,0,0,0,1,0,0,0,1,1,0,0,1,1,0,0,1,0,0,0,0,1,1,1,0,0,1,1,0,1,0,0,0,0,0,0,0,1,1,0,0,1,0,1,1,1,1,1,1,1,1,1,0,1,1,1,0,0,1,1,0,1,0,0,0,0,0,0,0,1,1,1,0,1,0,0,0,0,0,0,0,0,0,0,1,0,0,0,1,1,0,0,1,1,0,0,0,1,1,1,0.01782253757534142,-0.00022888532845044551,0.4993514915693904,-0.49950408178835737,-0.49919890135042344,0.00038147554741740919,1.0157167925535973,-7.6295109483481838e-05,-1.0157167925535977,7.6295109483481838e-05,-0.50804913405050733,-1.0157167925535977,0.49797817959868773,0.0025177386129549006,0.4993514915693904,-0.49797817959868773,-1.0157167925535977,-0.49797817959868773,-0.46868085755703071,0.49919890135042344,0.01782253757534142,8.8000038076251137,0,0.036080712069851334,0,1
41,1,1,0,1,0,1,1,1,0,1,1,0,0,1,1,0,0,1,1,1,1,1,1,1,1,1,1,1,1,1,1,0,1,0,0,0,1,1,0,0,1,1,0,0,0,1,1,1,0,1,1,1,0,0,1,1,0,0,1,1,0,1,1,0,0,1,1,1,0,0,1,1,0,0,1,1,1,0,0,0,1,0,0,0,0,0,0,0,0,0,0,0,0,0,0,0,1,0,0,1,1,0,1,0,0,0,0,0,0,0,0,0,0,1,1,1,1,1,1,1,1,1,1,1,1,1,1,1,0,1,1,0,0,1,0,1,1,1,1,1,1,1,1,1,1,0,0,0,0,0,0,0,0,0,0,0,0,0,0,0,0,1,1,1,0,0,1,0,1,1,1,1,1,1,1,1,0,1,1,0,0,1,0,1,1,1,1,1,1,1,1,1,1,0,0,0,1,1,0,0,1,0,1,1,1,1,1,1,1,0,0,0,0,0,0,0,0,0,0,0,0,0,0,0,1,0,0,0,1,1,0,0,1,1,0,0,1,0,0,0,0,1,1,1,0,0,1,1,0,1,0,0,0,0,0,0,0,1,1,0,0,1,0,1,1,1,1,1,1,1,1,1,0,1,1,1,0,0,1,1,0,1,0,0,0,0,0,0,0,1,1,1,0,1,0,0,0,0,0,0,0,0,0,0,1,0,0,0,1,1,0,0,1,1,0,0,0,1,1,1,0.8414129854276341,-0.00022888532845044551,0.49919890135042344,-0.49950408178835737,-0.49919890135042344,7.6295109483481838e-05,1.0157167925535973,-7.6295109483481838e-05,-1.0157167925535977,7.6295109483481838e-05,-0.50789654383154037,-1.0157167925535977,0.49797817959868773,7.6295109483481838e-05,0.4993514915693904,-0.49797817959868773,-1.0157167925535977,-0.49797817959868773,-0.46868085755703071,0.49919890135042344,0.8414129854276341,6.4159320919755691,0,0.036060125106874154,0,1
42,1,0,1,0,0,0,1,0,0,0,1,1,0,0,0,0,0,1,1,1,1,1,1,1,1,1,1,1,1,1,1,0,1,0,0,0,1,1,0,0,1,1,0,0,1,0,0,0,0,1,1,1,0,0,1,1,0,0,1,1,0,1,1,1,0,1,1,1,0,0,1,1,0,0,1,1,1,0,0,0,1,0,0,0,0,0,0,0,0,0,0,0,0,0,0,0,1,0,0,1,1,0,1,0,0,0,0,0,0,0,0,0,0,1,1,1,1,1,1,1,1,1,1,1,1,1,1,1,0,1,1,0,0,1,0,1,1,1,1,1,1,1,1,1,1,0,0,0,0,0,0,0,0,0,0,0,0,0,0,0,0,1,1,1,0,0,1,0,1,1,1,1,1,1,1,1,0,1,1,0,0,1,0,1,1,1,1,1,1,1,1,1,1,0,0,0,1,1,0,0,1,0,1,1,1,1,1,1,1,0,0,0,0,0,0,0,0,0,0,0,0,0,0,0,1,0,0,0,1,1,0,0,1,1,0,0,1,0,0,0,0,1,1,1,0,0,1,1,0,1,0,0,0,0,0,0,0,1,1,0,0,1,0,1,1,1,1,1,1,1,1,1,0,1,1,1,0,0,1,1,0,1,0,0,0,0,0,0,0,1,1,1,0,1,0,0,0,0,0,0,0,0,0,0,1,0,0,0,1,1,0,0,1,1,0,0,0,1,1,1,0.6335545891508354,-0.00022888532845044551,0.4993514915693904,-0.4993514915693904,-0.49919890135042344,7.6295109483481838e-05,1.0157167925535973,-7.6295109483481838e-05,-1.0157167925535977,7.6295109483481838e-05,-0.50789654383154037,-1.0157167925535977,0.49797817959868773,7.6295109483481838e-05,0.4993514915693904,-0.49797817959868773,-1.0157167925535977,-0.49797817959868773,-0.46868085755703071,0.49919890135042344,0.6335545891508354,6.7838522614388443,0,0.035949169322546964,0,1
43,0,1,1,0,0,1,0,0,1,0,0,0,0,0,0,0,0,1,1,1,1,1,1,1,1,1,1,1,1,0,1,0,1,0,0,0,1,1,0,0,1,1,0,0,1,1,1,0,0,1,1,1,0,0,1,1,0,0,1,1,0,1,1,1,0,1,1,1,0,0,1,1,0,0,1,1,1,0,0,0,1,0,0,0,0,0,0,0,0,0,0,0,0,0,0,0,1,0,0,1,1,0,1,0,0,0,0,0,0,0,0,0,0,1,1,1,1,1,1,1,1,1,1,1,1,1,1,1,0,1,1,0,0,1,0,1,1,1,1,1,1,1,1,1,1,0,0,0,0,0,0,0,0,0,0,0,0,0,0,0,0,1,1,1,0,0,1,0,1,1,1,1,1,1,1,1,0,1,1,0,0,1,0,1,1,1,1,1,1,1,1,1,1,0,0,0,1,1,0,0,1,0,1,1,1,1,1,1,1,0,0,0,0,0,0,0,0,0,0,0,0,0,0,0,1,0,0,0,1,1,0,0,1,1,0,0,1,0,0,0,0,1,1,1,0,0,1,1,0,1,0,0,0,0,0,0,0,1,1,0,0,1,0,1,1,1,1,1,1,1,1,1,0,1,1,1,0,0,1,1,0,1,0,0,0,0,0,0,0,1,1,1,0,1,0,0,0,0,0,0,0,0,0,0,1,0,0,0,1,1,0,0,1,1,0,0,0,1,1,1,0.39258411535820553,-0.00083924620431830022,0.50026703288319219,-0.4993514915693904,-0.49919890135042344,7.6295109483481838e-05,1.0157167925535973,-7.6295109483481838e-05,-1.0157167925535977,7.6295109483481838e-05,-0.50789654383154037,-1.0157167925535977,0.49797817959868773,7.6295109483481838e-05,0.4993514915693904,-0.49797817959868773,-1.0157167925535977,-0.49797817959868773,-0.46868085755703071,0.49919890135042344,0.39258411535820553,7.2986312546014185,0,0.035917342541284689,0,1
44,1,0,0,0,0,1,1,0,0,0,0,0,0,0,0,0,0,1,1,1,1,1,1,1,1,1,1,1,1,1,1,0,1,0,0,0,1,1,0,0,1,1,0,0,1,0,0,0,0,1,1,1,0,0,1,1,0,0,1,1,0,1,1,1,0,1,1,1,0,0,1,1,0,0,1,1,1,0,0,0,1,0,0,0,0,0,0,0,0,0,0,0,0,0,0,0,1,0,0,1,1,0,1,0,0,0,0,0,0,0,0,0,0,1,1,1,1,1,1,1,1,1,1,1,1,1,1,1,0,1,1,0,0,1,0,1,1,1,1,1,1,1,1,1,1,0,0,0,0,0,0,0,0,0,0,0,0,0,0,0,0,1,1,1,0,0,1,0,1,1,1,1,1,1,1,1,0,1,1,0,0,1,0,1,1,1,1,1,1,1,1,1,1,0,0,0,1,1,0,0,1,0,1,1,1,1,1,1,1,0,0,0,0,0,0,0,0,0,0,0,0,0,0,0,1,0,0,0,1,1,0,0,1,1,0,0,1,0,0,0,0,1,1,1,0,0,1,1,0,1,0,0,0,0,0,0,0,1,1,0,0,1,0,1,1,1,1,1,1,1,1,1,0,1,1,1,0,0,1,1,0,1,0,0,0,0,0,0,0,1,1,1,0,1,0,0,0,0,0,0,0,0,0,0,1,0,0,0,1,1,0,0,1,1,0,0,0,1,1,1,0.52344548714427408,-0.00022888532845044551,0.4993514915693904,-0.4993514915693904,-0.49919890135042344,7.6295109483481838e-05,1.0157167925535973,-7.6295109483481838e-05,-1.0157167925535977,7.6295109483481838e-05,-0.50789654383154037,-1.0157167925535977,0.49797817959868773,7.6295109483481838e-05,0.4993514915693904,-0.49797817959868773,-1.0157167925535977,-0.49797817959868773,-0.46868085755703071,0.49919890135042344,0.52344548714427408,7.0036270069633106,0,0.035705996358283899,0,1
45,1,0,0,1,0,0,1,1,0,0,1,0,0,0,0,0,0,1,1,1,1,1,1,1,1,1,1,1,1,1,1,0,1,0,0,0,1,1,0,0,1,1,0,0,1,0,0,0,0,1,1,1,0,0,1,1,0,0,1,1,0,1,1,0,0,1,1,1,0,0,1,1,0,0,1,1,1,0,0,0,1,0,0,0,0,0,0,0,0,0,0,0,0,0,1,0,1,0,0,1,1,0,1,0,0,0,0,0,0,0,0,0,0,1,1,1,1,1,1,1,1,1,1,1,1,1,1,1,0,1,1,0,0,1,0,1,1,1,1,1,1,1,1,1,1,0,0,0,0,0,0,0,0,0,0,0,0,0,0,0,0,1,1,1,0,0,1,0,1,1,1,1,1,1,1,1,0,1,1,0,0,1,0,1,1,1,1,1,1,1,1,1,1,0,0,0,1,1,0,0,1,0,1,1,1,1,1,1,1,0,0,0,0,0,0,0,0,0,0,0,0,0,0,0,1,0,0,0,1,1,0,0,1,1,0,0,1,0,0,0,0,1,1,1,0,0,1,1,0,1,0,0,0,0,0,0,0,1,1,0,0,1,0,1,1,1,1,1,1,1,1,1,0,1,1,1,0,0,1,1,0,1,0,0,0,0,0,0,0,1,1,1,0,1,0,0,0,0,0,0,0,0,0,0,1,0,0,0,1,1,0,0,1,1,0,0,0,1,1,1,0.57471580071717399,-0.00022888532845044551,0.4993514915693904,-0.49950408178835737,-0.49919890135042344,0.00038147554741740919,1.0157167925535973,-7.6295109483481838e-05,-1.0157167925535977,7.6295109483481838e-05,-0.50789654383154037,-1.0157167925535977,0.49797817959868773,7.6295109483481838e-05,0.4993514915693904,-0.49797817959868773,-1.0157167925535977,-0.49797817959868773,-0.46868085755703071,0.49919890135042344,0.57471580071717399,6.8987871392975162,0,0.035581096914269701,0,1
46,0,0,0,1,0,1,1,1,0,0,0,0,0,0,0,0,0,1,1,1,1,1,1,1,1,1,1,1,1,0,1,0,1,0,0,0,1,1,0,0,1,1,0,0,1,0,1,0,0,1,1,1,0,0,1,1,0,0,1,1,0,1,1,1,0,1,1,1,0,0,1,1,0,0,1,1,1,0,0,0,1,0,0,0,0,0,0,0,0,0,0,0,0,0,0,0,1,0,0,1,1,0,1,0,0,0,0,0,0,0,0,0,0,1,1,1,1,1,1,1,1,1,1,1,1,1,1,0,0,1,1,0,0,1,0,1,1,1,1,1,1,1,1,1,1,0,0,0,0,0,0,0,0,0,0,0,0,0,0,0,0,1,1,1,0,0,1,0,1,1,1,1,1,1,1,1,0,1,1,0,0,1,0,1,1,1,1,1,1,1,1,1,1,0,0,0,1,1,0,0,1,0,1,1,1,1,1,1,1,0,0,0,0,0,0,0,0,0,0,0,0,0,0,0,1,0,0,0,1,1,0,0,1,1,0,0,1,0,0,0,0,1,1,1,0,0,1,1,0,1,0,0,0,0,0,0,0,1,1,0,0,1,0,1,1,1,1,1,1,1,1,1,0,1,1,1,0,0,1,1,0,1,0,0,0,0,0,0,0,1,1,1,0,1,0,0,0,0,0,0,0,0,0,0,1,0,0,0,1,1,0,0,1,1,0,0,0,1,1,1,0.089845120927748531,-0.00083924620431830022,0.49965667200732433,-0.4993514915693904,-0.49919890135042344,7.6295109483481838e-05,1.0157167925535973,-0.00022888532845044551,-1.0157167925535977,7.6295109483481838e-05,-0.50789654383154037,-1.0157167925535977,0.49797817959868773,7.6295109483481838e-05,0.4993514915693904,-0.49797817959868773,-1.0157167925535977,-0.49797817959868773,-0.46868085755703071,0.49919890135042344,0.089845120927748531,8.2893718357623172,0,0.035231539945663054,0,1
47,0,0,0,1,0,1,0,0,0,0,0,0,0,0,0,0,0,1,1,1,1,1,1,1,1,1,1,1,1,0,1,0,1,0,0,0,1,1,0,0,1,1,0,0,0,1,1,1,0,1,1,1,0,0,1,1,0,0,1,1,0,1,1,0,0,1,1,1,0,0,1,1,0,0,1,1,1,0,0,0,1,0,0,0,0,0,0,0,0,0,0,0,0,0,0,0,1,0,0,1,1,0,1,0,0,0,0,0,0,0,0,0,0,1,1,1,1,1,1,1,1,1,1,1,1,1,1,1,0,1,1,0,0,1,0,1,1,1,1,1,1,1,1,1,1,0,0,0,0,0,0,0,0,0,0,0,0,0,0,0,0,1,1,1,0,0,1,0,1,1,1,1,1,1,1,1,0,1,1,0,0,1,0,1,1,1,1,1,1,1,1,1,1,0,0,0,1,1,0,0,1,0,1,1,1,1,1,1,1,0,0,0,0,0,0,0,0,0,0,0,0,0,0,0,1,0,0,0,1,1,0,0,1,1,0,0,1,0,0,0,0,1,1,1,0,0,1,1,0,1,0,0,0,0,0,0,0,1,1,0,0,1,0,1,1,1,1,1,1,1,1,1,0,1,1,1,0,0,1,1,0,1,0,0,0,0,0,0,0,1,1,1,0,1,0,0,0,0,0,0,0,0,0,0,1,0,0,0,1,1,0,0,1,1,0,0,0,1,1,1,0.078126192111085679,-0.00083924620431830022,0.49919890135042344,-0.49950408178835737,-0.49919890135042344,7.6295109483481838e-05,1.0157167925535973,-7.6295109483481838e-05,-1.0157167925535977,7.6295109483481838e-05,-0.50789654383154037,-1.0157167925535977,0.49797817959868773,7.6295109483481838e-05,0.4993514915693904,-0.49797817959868773,-1.0157167925535977,-0.49797817959868773,-0.46868085755703071,0.49919890135042344,0.078126192111085679,8.350667887594577,0,0.034817901007208378,0,1
48,0,0,0,1,1,1,1,1,0,1,1,1,0,1,0,0,0,1,1,1,1,1,1,1,1,1,1,1,1,1,1,1,1,0,0,0,1,1,0,0,1,1,0,0,1,0,0,0,0,1,1,1,0,0,1,1,0,0,1,1,0,1,1,1,0,1,1,1,0,0,1,1,0,0,1,1,1,0,0,0,1,0,0,0,0,0,0,0,0,0,0,0,0,0,0,0,1,0,0,1,1,0,1,0,0,0,0,0,0,0,0,0,0,1,1,1,1,1,1,1,1,1,1,1,1,1,1,1,0,1,1,0,0,1,0,1,1,1,1,1,1,1,1,1,1,0,0,0,0,0,0,0,0,0,0,0,0,0,0,0,0,1,1,1,0,0,1,0,1,1,1,1,1,1,1,1,0,1,1,0,0,1,0,1,1,1,1,1,1,1,1,1,1,0,0,0,1,1,0,0,1,0,1,1,1,1,1,1,1,0,0,0,0,0,0,0,0,0,0,0,0,0,0,0,1,0,0,0,1,1,0,0,1,1,0,0,1,0,0,0,0,1,1,1,0,0,1,1,0,1,0,0,0,0,0,0,0,1,1,0,0,1,0,1,1,1,1,1,1,1,1,1,0,1,1,1,0,0,1,1,0,1,0,0,0,0,0,0,0,1,1,1,0,1,0,0,0,0,0,0,0,0,0,0,1,0,0,0,1,1,0,0,1,1,0,0,0,1,1,1,0.12286564431219958,-7.6295109483481838e-05,0.4993514915693904,-0.4993514915693904,-0.49919890135042344,7.6295109483481838e-05,1.0157167925535973,-7.6295109483481838e-05,-1.0157167925535977,7.6295109483481838e-05,-0.50789654383154037,-1.0157167925535977,0.49797817959868773,7.6295109483481838e-05,0.4993514915693904,-0.49797817959868773,-1.0157167925535977,-0.49797817959868773,-0.46868085755703071,0.49919890135042344,0.12286564431219958,8.1347436967898847,0,0.034675686074167836,0,1
49,1,0,1,0,1,0,0,0,0,1,0,0,0,0,0,0,0,1,1,1,1,1,1,1,1,1,1,1,1,1,0,1,1,0,0,0,1,1,0,0,1,1,0,0,1,0,0,0,0,1,1,1,0,0,1,1,0,0,1,1,0,1,1,1,0,1,1,1,0,0,1,1,0,0,1,1,1,0,0,0,1,0,0,0,0,0,0,0,0,0,0,0,0,0,0,1,1,0,0,1,1,0,1,0,0,0,0,0,0,0,0,0,0,1,1,1,1,1,1,1,1,1,1,1,1,1,1,0,0,1,1,0,0,1,0,1,1,1,1,1,1,1,1,1,1,0,0,0,0,0,0,0,0,0,0,0,0,0,0,0,0,1,1,1,0,0,1,0,1,1,1,1,1,1,1,1,0,1,1,0,0,1,0,1,1,1,1,1,1,1,1,1,1,0,0,0,1,1,0,0,1,0,1,1,1,1,1,1,1,0,0,0,0,0,0,0,0,0,0,0,0,0,0,0,1,0,0,0,1,1,0,0,1,1,0,0,1,0,0,0,0,1,1,1,0,0,1,1,0,1,0,0,0,0,0,0,0,1,1,0,0,1,0,1,1,1,1,1,1,1,1,1,0,1,1,1,0,0,1,1,0,1,0,0,0,0,0,0,0,1,1,1,0,1,0,0,0,0,0,0,0,0,0,0,1,0,0,0,1,1,0,0,1,1,0,0,0,1,1,1,0.65723659113450827,-0.00038147554741740919,0.4993514915693904,-0.4993514915693904,-0.49919890135042344,0.00022888532845044551,1.0157167925535973,-0.00022888532845044551,-1.0157167925535977,7.6295109483481838e-05,-0.50789654383154037,-1.0157167925535977,0.49797817959868773,7.6295109483481838e-05,0.4993514915693904,-0.49797817959868773,-1.0157167925535977,-0.49797817959868773,-0.46868085755703071,0.49919890135042344,0.65723659113450827,6.7392768452471046,0,0.034622472297262112,0,1
50,1,1,1,1,1,0,1,0,0,0,0,0,0,0,0,0,0,1,1,1,1,1,1,1,1,1,1,1,1,1,1,0,1,0,0,0,1,1,0,0,1,1,0,0,1,0,0,1,0,1,1,1,0,0,1,1,0,0,1,1,0,1,1,0,0,1,1,1,0,0,1,1,0,0,1,1,1,0,0,1,1,0,0,0,0,0,0,0,0,0,0,0,0,0,0,0,1,0,0,1,1,0,1,0,0,0,0,0,0,0,0,0,0,1,1,1,1,1,1,1,1,1,1,1,1,1,0,1,0,1,1,0,0,1,0,1,1,1,1,1,1,1,1,1,1,0,0,0,0,0,0,0,0,0,0,0,0,0,0,0,0,1,1,1,0,0,1,0,1,1,1,1,1,1,1,1,0,1,1,0,0,1,0,1,1,1,1,1,1,1,1,1,1,0,0,0,1,1,0,0,1,0,1,1,1,1,1,1,1,0,0,0,0,0,0,0,0,0,0,0,0,0,0,0,1,0,0,0,1,1,0,0,1,1,0,0,1,0,0,0,0,1,1,1,0,0,1,1,0,1,0,0,0,0,0,0,0,1,1,0,0,1,0,1,1,1,1,1,1,1,1,1,0,1,1,1,0,0,1,1,0,1,0,0,0,0,0,0,0,1,1,1,0,1,0,0,0,0,0,0,0,0,0,0,1,0,0,0,1,1,0,0,1,1,0,0,0,1,1,1,0.97657740138857096,-0.00022888532845044551,0.49950408178835737,-0.49950408178835737,-0.49904631113145648,7.6295109483481838e-05,1.0157167925535973,-0.00038147554741740919,-1.0157167925535977,7.6295109483481838e-05,-0.50789654383154037,-1.0157167925535977,0.49797817959868773,7.6295109483481838e-05,0.4993514915693904,-0.49797817959868773,-1.0157167925535977,-0.49797817959868773,-0.46868085755703071,0.49919890135042344,0.97657740138857096,6.2009399595354191,0,0.034100650584955358,0,1
51,1,1,0,1,1,0,0,1,0,0,1,0,0,0,0,0,0,1,1,1,1,1,1,1,1,1,1,1,1,1,1,0,1,0,0,0,1,1,0,0,1,1,0,0,1,0,1,0,0,1,1,1,0,0,1,1,0,0,1,1,0,1,1,0,0,1,1,1,0,0,1,1,0,0,1,1,1,0,0,0,1,0,0,0,0,0,0,0,0,0,0,0,0,0,0,1,1,0,0,1,1,0,1,0,0,0,0,0,0,0,0,0,0,1,1,1,1,1,1,1,1,1,1,1,1,1,0,1,0,1,1,0,0,1,0,1,1,1,1,1,1,1,1,1,1,0,0,0,0,0,0,0,0,0,0,0,0,0,0,0,0,1,1,1,0,0,1,0,1,1,1,1,1,1,1,1,0,1,1,0,0,1,0,1,1,1,1,1,1,1,1,1,1,0,0,0,1,1,0,0,1,0,1,1,1,1,1,1,1,0,0,0,0,0,0,0,0,0,0,0,0,0,0,0,1,0,0,0,1,1,0,0,1,1,0,0,1,0,0,0,0,1,1,1,0,0,1,1,0,1,0,0,0,0,0,0,0,1,1,0,0,1,0,1,1,1,1,1,1,1,1,1,0,1,1,1,0,0,1,1,0,1,0,0,0,0,0,0,0,1,1,1,0,1,0,0,0,0,0,0,0,0,0,0,1,0,0,0,1,1,0,0,1,1,0,0,0,1,1,1,0.84815747310597389,-0.00022888532845044551,0.49965667200732433,-0.49950408178835737,-0.49919890135042344,0.00022888532845044551,1.0157167925535973,-0.00038147554741740919,-1.0157167925535977,7.6295109483481838e-05,-0.50789654383154037,-1.0157167925535977,0.49797817959868773,7.6295109483481838e-05,0.4993514915693904,-0.49797817959868773,-1.0157167925535977,-0.49797817959868773,-0.46868085755703071,0.49919890135042344,0.84815747310597389,6.4049666624567445,0,0.033815431007739538,0,1
52,1,1,1,1,0,1,1,1,1,0,0,1,0,0,0,0,0,1,1,1,1,1,1,1,1,1,1,1,1,1,1,0,1,0,0,0,1,1,0,0,1,1,0,0,1,0,0,0,0,1,1,1,0,0,1,1,0,0,1,1,0,1,1,1,0,1,1,1,0,0,1,1,0,0,1,1,1,0,0,0,1,0,0,0,0,0,0,0,0,0,0,0,0,0,0,0,1,0,0,1,1,0,1,0,0,0,0,0,0,0,0,0,0,1,1,1,1,1,1,1,1,1,1,1,1,1,1,1,0,1,1,0,0,1,0,1,1,1,1,1,1,1,1,1,1,0,0,0,0,0,0,0,0,0,0,0,0,0,0,0,0,1,1,1,0,0,1,0,1,1,1,1,1,1,1,1,0,1,1,0,0,1,0,1,1,1,1,1,1,1,1,1,1,0,0,0,1,1,0,0,1,0,1,1,1,1,1,1,1,0,0,0,0,0,0,0,0,0,0,0,0,0,0,0,1,0,0,0,1,1,0,0,1,1,0,0,1,0,0,0,0,1,1,1,0,0,1,1,0,1,0,0,0,0,0,0,0,1,1,0,0,1,0,1,1,1,1,1,1,1,1,1,0,1,1,1,0,0,1,1,0,1,0,0,0,0,0,0,0,1,1,1,0,1,0,0,0,0,0,0,0,0,0,0,1,0,0,0,1,1,0,0,1,1,0,0,0,1,1,1,0.96705577172503243,-0.00022888532845044551,0.4993514915693904,-0.4993514915693904,-0.49919890135042344,7.6295109483481838e-05,1.0157167925535973,-7.6295109483481838e-05,-1.0157167925535977,7.6295109483481838e-05,-0.50789654383154037,-1.0157167925535977,0.49797817959868773,7.6295109483481838e-05,0.4993514915693904,-0.49797817959868773,-1.0157167925535977,-0.49797817959868773,-0.46868085755703071,0.49919890135042344,0.96705577172503243,6.2154201930193569,0,0.033529951266343554,0,1
53,0,0,1,1,0,0,0,1,1,0,0,1,0,0,0,0,0,1,1,1,1,1,1,1,1,1,1,1,1,0,1,0,1,0,0,0,1,1,0,0,1,1,0,0,0,1,1,1,0,1,1,1,0,0,1,1,0,0,1,1,0,1,1,0,0,1,1,1,0,0,1,1,0,0,1,1,1,0,0,0,1,0,0,0,0,0,0,0,0,0,0,0,0,0,0,0,1,0,0,1,1,0,1,0,0,0,0,0,0,0,0,0,0,1,1,1,1,1,1,1,1,1,1,1,1,1,1,1,0,1,1,0,0,1,0,1,1,1,1,1,1,1,1,1,1,0,0,0,0,0,0,0,0,0,0,0,0,0,0,0,0,1,1,1,0,0,1,0,1,1,1,1,1,1,1,1,0,1,1,0,0,1,0,1,1,1,1,1,1,1,1,1,1,0,0,0,1,1,0,0,1,0,1,1,1,1,1,1,1,0,0,0,0,0,0,0,0,0,0,0,0,0,0,0,1,0,0,0,1,1,0,0,1,1,0,0,1,0,0,1,0,1,1,1,0,0,1,1,0,1,0,0,0,0,1,0,0,1,1,0,0,1,0,1,1,1,1,1,1,1,1,1,0,1,1,1,0,0,1,1,0,1,0,0,0,0,0,0,0,1,1,1,0,1,0,0,0,0,0,0,0,0,0,0,1,0,0,0,1,1,0,0,1,1,0,0,0,1,1,1,0.19360646982528421,-0.00083924620431830022,0.49919890135042344,-0.49950408178835737,-0.49919890135042344,7.6295109483481838e-05,1.0157167925535973,-7.6295109483481838e-05,-1.0157167925535977,7.6295109483481838e-05,-0.50789654383154037,-1.0157167925535977,0.49797817959868773,7.6295109483481838e-05,0.49950408178835737,-0.4976729991607538,-1.0157167925535977,-0.49797817959868773,-0.46868085755703071,0.49919890135042344,0.19360646982528421,7.8646032151059035,0,0.033479841192806822,0,1
54,1,0,1,1,1,0,0,0,0,1,0,0,0,0,0,0,0,1,1,1,1,1,1,1,1,1,1,1,1,1,1,0,1,0,0,0,1,1,0,0,1,1,0,0,1,0,0,1,0,1,1,1,0,0,1,1,0,0,1,1,0,1,1,0,0,1,1,1,0,0,1,1,0,0,1,1,1,0,0,0,1,0,0,0,0,0,0,0,0,0,0,0,0,0,0,0,1,0,0,1,1,0,1,0,0,0,0,0,0,0,0,0,0,1,1,1,1,1,1,1,1,1,1,1,1,1,1,1,0,1,1,0,0,1,0,1,1,1,1,1,1,1,1,1,1,0,0,0,0,0,0,0,0,0,0,0,0,0,0,0,0,1,1,1,0,0,1,0,1,1,1,1,1,1,1,1,0,1,1,0,0,1,0,1,1,1,1,1,1,1,1,1,1,0,0,0,1,1,0,0,1,0,1,1,1,1,1,1,1,0,0,0,0,0,0,0,0,0,0,0,0,0,0,0,1,0,0,0,1,1,0,0,1,1,0,0,1,0,0,0,0,1,1,1,0,0,1,1,0,1,0,0,0,0,0,0,0,1,1,0,0,1,0,1,1,1,1,1,1,1,1,1,0,1,1,1,0,0,1,1,0,1,0,0,0,0,0,0,0,1,1,1,0,1,0,0,0,0,0,0,0,0,0,0,1,0,0,0,1,1,0,0,1,1,0,0,0,1,1,1,0.71973754482337682,-0.00022888532845044551,0.49950408178835737,-0.49950408178835737,-0.49919890135042344,7.6295109483481838e-05,1.0157167925535973,-7.6295109483481838e-05,-1.0157167925535977,7.6295109483481838e-05,-0.50789654383154037,-1.0157167925535977,0.49797817959868773,7.6295109483481838e-05,0.4993514915693904,-0.49797817959868773,-1.0157167925535977,-0.49797817959868773,-0.46868085755703071,0.49919890135042344,0.71973754482337682,6.6249223306456209,0,0.033445562604785629,0,1
55,1,0,1,1,1,1,1,1,0,1,1,0,0,1,1,0,0,1,1,1,1,1,1,1,1,1,1,1,1,1,1,0,1,0,0,0,1,1,0,0,1,1,0,0,0,1,1,1,0,1,1,1,0,0,1,1,0,0,1,1,0,1,1,0,0,1,1,1,0,0,1,1,0,0,1,1,1,0,0,0,1,0,0,0,0,0,0,0,0,0,0,0,0,0,0,0,1,0,0,1,1,0,1,0,0,0,0,0,0,0,0,0,0,1,1,1,1,1,1,1,1,1,1,1,1,1,1,0,0,1,1,0,0,1,0,1,1,1,1,1,1,1,1,1,1,0,0,0,0,0,0,0,0,0,0,0,0,0,0,0,0,1,1,1,0,0,1,0,1,1,1,1,1,1,1,1,0,1,1,0,0,1,0,1,1,1,1,1,1,1,1,1,1,0,0,0,1,1,0,0,1,0,1,1,1,1,1,1,1,0,0,0,0,0,0,0,0,0,0,0,0,0,0,0,1,0,0,0,1,1,0,0,1,1,0,0,1,0,0,0,0,1,1,1,0,0,1,1,0,1,0,0,0,0,0,0,0,1,1,0,0,1,0,1,1,1,1,1,1,1,1,1,0,1,1,1,0,0,1,1,0,1,0,0,0,0,0,0,0,1,1,1,0,1,0,0,0,0,0,0,0,0,0,0,1,0,0,0,1,1,0,0,1,1,0,0,0,1,1,1,0.74766155489433128,-0.00022888532845044551,0.49919890135042344,-0.49950408178835737,-0.49919890135042344,7.6295109483481838e-05,1.0157167925535973,-0.00022888532845044551,-1.0157167925535977,7.6295109483481838e-05,-0.50789654383154037,-1.0157167925535977,0.49797817959868773,7.6295109483481838e-05,0.4993514915693904,-0.49797817959868773,-1.0157167925535977,-0.49797817959868773,-0.46868085755703071,0.49919890135042344,0.74766155489433128,6.5755235571790696,0,0.033418228219081338,0,1
56,0,1,1,0,1,1,1,0,0,0,0,0,0,0,0,0,0,1,1,1,1,1,1,1,1,1,1,1,1,1,1,0,1,0,0,0,1,1,0,0,1,1,0,0,1,0,1,0,0,1,1,1,0,0,1,1,0,0,1,1,0,1,1,1,0,1,1,1,0,0,1,1,0,0,1,1,1,0,0,0,1,0,0,0,0,0,0,0,0,0,0,0,0,0,0,0,1,0,0,1,1,0,1,0,0,0,0,0,0,0,0,0,0,1,1,1,1,1,1,1,1,1,1,1,1,1,1,0,0,1,1,0,0,1,0,1,1,1,1,1,1,1,1,1,1,0,0,0,0,0,0,0,0,0,0,0,0,0,0,0,0,1,1,1,0,0,1,0,1,1,1,1,1,1,1,1,0,1,1,0,0,1,0,1,1,1,1,1,1,1,1,1,1,0,0,0,1,1,0,0,1,0,1,1,1,1,1,1,1,0,0,0,0,0,0,0,0,0,0,0,0,0,0,0,1,0,0,0,1,1,0,0,1,1,0,0,1,0,0,0,0,1,1,1,0,0,1,1,0,1,0,0,0,0,0,0,0,1,1,0,0,1,0,1,1,1,1,1,1,1,1,1,0,1,1,1,0,0,1,1,0,1,0,0,0,0,0,0,0,1,1,1,0,1,0,0,0,0,0,0,0,0,0,0,1,0,0,0,1,1,0,0,1,1,0,0,0,1,1,1,0.42969405661097126,-0.00022888532845044551,0.49965667200732433,-0.4993514915693904,-0.49919890135042344,7.6295109483481838e-05,1.0157167925535973,-0.00022888532845044551,-1.0157167925535977,7.6295109483481838e-05,-0.50789654383154037,-1.0157167925535977,0.49797817959868773,7.6295109483481838e-05,0.4993514915693904,-0.49797817959868773,-1.0157167925535977,-0.49797817959868773,-0.46868085755703071,0.49919890135042344,0.42969405661097126,7.2099024850427087,0,0.033392606905707431,0,1
57,0,0,0,1,1,0,0,0,0,0,0,0,0,0,0,0,0,1,1,1,1,1,1,1,1,1,1,1,1,0,1,0,1,0,0,0,1,1,0,0,1,1,0,0,0,1,1,0,0,1,1,1,0,0,1,1,0,0,1,1,0,1,0,1,0,1,1,1,0,0,1,1,0,0,1,1,1,0,0,0,1,0,0,0,0,0,0,0,0,0,0,0,0,0,1,0,1,0,0,1,1,0,1,0,0,0,0,0,0,0,0,0,0,1,1,1,1,1,1,1,1,1,1,1,1,0,1,1,0,1,1,0,0,1,0,1,1,1,1,1,1,1,1,1,1,0,0,0,0,0,0,0,0,0,0,0,0,0,0,0,0,1,1,1,0,0,1,0,1,1,1,1,1,1,1,1,0,1,1,0,0,1,0,1,1,1,1,1,1,1,1,1,1,0,0,0,1,1,0,0,1,0,1,1,1,1,1,1,1,0,0,0,0,0,0,0,0,0,0,0,0,0,0,0,1,0,0,0,1,1,0,0,1,1,0,0,1,0,0,0,0,1,1,1,0,0,1,1,0,1,0,0,0,0,0,0,0,1,1,0,0,1,0,1,1,1,1,1,1,1,1,1,0,1,1,1,0,0,1,1,0,1,0,0,0,0,0,0,0,1,1,1,0,1,0,0,0,0,0,0,0,0,0,0,1,0,0,0,1,1,0,0,1,1,0,0,0,1,1,1,0.093751430533302815,-0.00083924620431830022,0.49904631113145648,-0.49965667200732433,-0.49919890135042344,0.00038147554741740919,1.0157167925535973,-0.00068665598535133654,-1.0157167925535977,7.6295109483481838e-05,-0.50789654383154037,-1.0157167925535977,0.49797817959868773,7.6295109483481838e-05,0.4993514915693904,-0.49797817959868773,-1.0157167925535977,-0.49797817959868773,-0.46868085755703071,0.49919890135042344,0.093751430533302815,8.2703161094355035,0,0.033349539080782864,0,1
58,0,1,0,1,0,0,1,0,0,0,0,0,0,0,0,0,0,1,1,1,1,1,1,1,1,1,1,1,1,1,1,0,1,0,0,0,1,1,0,0,1,1,0,0,1,0,0,0,0,1,1,1,0,0,1,1,0,0,1,1,0,1,1,1,0,1,1,1,0,0,1,1,0,0,1,1,1,0,0,0,1,0,0,0,0,0,0,0,0,0,0,0,0,0,0,0,1,0,0,1,1,0,1,0,0,0,0,0,0,0,0,0,0,1,1,1,1,1,1,1,1,1,1,1,0,1,1,1,0,1,1,0,0,1,0,1,1,1,1,1,1,1,1,1,1,0,0,0,0,0,0,0,0,0,0,0,0,0,0,0,0,1,1,1,0,0,1,0,1,1,1,1,1,1,1,1,0,1,1,0,0,1,0,1,1,1,1,1,1,1,1,1,1,0,0,0,1,1,0,0,1,0,1,1,1,1,1,1,1,0,0,0,0,0,0,0,0,0,0,0,0,0,0,0,1,0,0,0,1,1,0,0,1,1,0,0,1,0,0,0,0,1,1,1,0,0,1,1,0,1,0,0,0,0,0,0,0,1,1,0,0,1,0,1,1,1,1,1,1,1,1,1,0,1,1,1,0,0,1,1,0,1,0,0,0,0,0,0,0,1,1,1,0,1,0,0,0,0,0,0,0,0,0,0,1,0,0,0,1,1,0,0,1,1,0,0,0,1,1,1,0.32031738765545131,-0.00022888532845044551,0.4993514915693904,-0.4993514915693904,-0.49919890135042344,7.6295109483481838e-05,1.0157167925535973,-0.0012970168612191912,-1.0157167925535977,7.6295109483481838e-05,-0.50789654383154037,-1.0157167925535977,0.49797817959868773,7.6295109483481838e-05,0.4993514915693904,-0.49797817959868773,-1.0157167925535977,-0.49797817959868773,-0.46868085755703071,0.49919890135042344,0.32031738765545131,7.4825829820986653,0,0.033145944377374337,0,1
59,1,1,0,1,0,0,1,1,0,0,1,1,0,0,0,0,0,1,1,1,1,1,1,1,1,1,1,1,1,0,1,1,1,0,0,0,1,1,0,0,1,1,0,0,0,1,0,0,0,1,1,1,0,0,1,1,0,0,1,1,0,1,1,0,0,1,1,1,0,0,1,1,0,0,1,1,1,0,0,0,1,0,0,0,0,0,0,0,0,0,0,0,0,0,0,0,1,0,0,1,1,0,1,0,0,0,0,0,0,0,0,0,0,1,1,1,1,1,1,1,1,1,1,1,1,1,1,1,0,1,1,0,0,1,0,1,1,1,1,1,1,1,1,1,1,0,0,0,0,0,0,0,0,0,0,0,0,0,0,0,0,1,1,1,0,0,1,0,1,1,1,1,1,1,1,1,0,1,1,0,0,1,0,1,1,1,1,1,1,1,1,1,1,0,0,0,1,1,0,0,1,0,1,1,1,1,1,1,1,0,0,0,0,0,0,0,0,0,0,0,0,0,0,0,1,0,0,0,1,1,0,0,1,1,0,0,1,0,0,0,0,1,1,1,0,0,1,1,0,1,0,0,0,0,0,0,0,1,1,0,0,1,0,1,1,1,1,1,1,1,1,1,0,1,1,1,0,0,1,1,0,1,0,0,0,0,0,0,0,1,1,1,0,1,0,0,0,0,0,0,0,0,0,0,1,0,0,0,1,1,0,0,1,1,0,0,0,1,1,1,0.8249637598229953,-0.00068665598535133654,0.49874113069352255,-0.49950408178835737,-0.49919890135042344,7.6295109483481838e-05,1.0157167925535973,-7.6295109483481838e-05,-1.0157167925535977,7.6295109483481838e-05,-0.50789654383154037,-1.0157167925535977,0.49797817959868773,7.6295109483481838e-05,0.4993514915693904,-0.49797817959868773,-1.0157167925535977,-0.49797817959868773,-0.46868085755703071,0.49919890135042344,0.8249637598229953,6.4437854975679505,0,0.033024784522368567,0,1
60,1,1,1,1,0,1,0,0,0,1,0,1,0,1,0,0,0,1,1,1,1,1,1,1,1,1,1,1,1,0,1,1,1,0,0,0,1,1,0,0,1,1,0,0,1,0,0,0,0,1,1,1,0,0,1,1,0,0,1,1,0,1,1,1,0,1,1,1,0,0,1,1,0,0,1,1,1,0,0,0,1,0,0,0,0,0,0,0,0,0,0,0,0,0,0,0,1,0,0,1,1,0,1,0,0,0,0,0,0,0,0,0,0,1,1,1,1,1,1,1,1,1,1,1,1,1,1,1,0,1,1,0,0,1,0,1,1,1,1,1,1,1,1,1,1,0,0,0,0,0,0,0,0,0,0,0,0,0,0,0,0,1,1,1,0,0,1,0,1,1,1,1,1,1,1,1,0,1,1,0,0,1,0,1,1,1,1,1,1,1,1,1,1,0,0,0,1,1,0,0,1,0,1,1,1,1,1,1,1,0,0,0,0,0,0,0,0,0,0,0,0,0,0,0,1,0,0,0,1,1,0,0,1,1,0,0,1,0,0,0,0,1,1,1,0,0,1,1,0,1,0,0,0,0,0,0,0,1,1,0,0,1,0,1,1,1,1,1,1,1,1,1,0,1,1,1,0,0,1,1,0,1,0,0,0,0,0,0,0,1,1,1,0,1,0,0,0,0,0,0,0,0,0,0,1,0,0,0,1,1,0,0,1,1,0,0,0,1,1,1,0.95442130159456784,-0.00068665598535133654,0.4993514915693904,-0.4993514915693904,-0.49919890135042344,7.6295109483481838e-05,1.0157167925535973,-7.6295109483481838e-05,-1.0157167925535977,7.6295109483481838e-05,-0.50789654383154037,-1.0157167925535977,0.49797817959868773,7.6295109483481838e-05,0.4993514915693904,-0.49797817959868773,-1.0157167925535977,-0.49797817959868773,-0.46868085755703071,0.49919890135042344,0.95442130159456784,6.2352446900791678,0,0.032956005343271567,0,1
61,0,0,0,0,1,0,1,0,0,0,0,0,0,0,0,0,0,1,1,1,1,1,1,1,1,1,1,1,1,1,1,0,1,0,0,0,1,1,0,0,1,1,0,0,1,0,1,0,0,1,1,1,0,0,1,1,0,0,1,1,0,1,1,0,0,1,1,1,0,0,1,1,0,0,1,1,1,0,0,0,1,0,0,0,0,0,0,0,0,0,0,0,0,0,0,0,1,0,0,1,1,0,1,0,0,0,0,0,0,0,0,0,0,1,1,1,1,1,1,1,1,1,1,1,1,1,1,1,0,1,1,0,0,1,0,1,1,1,1,1,1,1,1,1,1,0,0,0,0,0,0,0,0,0,0,0,0,0,0,0,0,1,1,1,0,0,1,0,1,1,1,1,1,1,1,1,0,1,1,0,0,1,0,1,1,1,1,1,1,1,1,1,1,0,0,0,1,1,0,0,1,0,1,1,1,1,1,1,1,0,0,0,0,0,0,0,0,0,0,0,0,0,0,0,1,0,0,0,1,1,0,0,1,1,0,0,1,0,0,0,0,1,1,1,0,0,1,1,0,1,0,0,0,0,0,0,0,1,1,0,0,1,0,1,1,1,1,1,1,1,1,1,0,1,1,1,0,0,1,1,0,1,0,0,0,0,0,0,0,1,1,1,0,1,0,0,0,0,0,0,0,0,0,0,1,0,0,0,1,1,0,0,1,1,0,0,0,1,1,1,0.03906309605554284,-0.00022888532845044551,0.49965667200732433,-0.49950408178835737,-0.49919890135042344,7.6295109483481838e-05,1.0157167925535973,-7.6295109483481838e-05,-1.0157167925535977,7.6295109483481838e-05,-0.50789654383154037,-1.0157167925535977,0.49797817959868773,7.6295109483481838e-05,0.4993514915693904,-0.49797817959868773,-1.0157167925535977,-0.49797817959868773,-0.46868085755703071,0.49919890135042344,0.03906309605554284,8.598503959521361,0,0.032806128862321468,0,1
62,1,0,0,0,1,1,1,0,0,0,1,1,0,0,0,0,0,1,1,1,1,1,1,1,1,1,1,1,1,0,1,0,1,0,0,0,1,1,0,0,1,1,0,0,0,1,1,1,0,1,1,1,0,0,1,1,0,0,1,1,0,1,1,0,0,1,1,1,0,0,1,1,0,0,1,1,1,0,0,0,1,0,0,0,0,0,0,0,0,0,0,0,0,0,0,0,1,0,0,1,1,0,1,0,0,0,0,0,0,0,0,0,0,1,1,1,1,1,1,1,1,1,1,1,1,1,1,1,0,1,1,0,0,1,0,1,1,1,1,1,1,1,1,1,1,0,0,0,0,0,0,0,0,0,0,0,0,0,0,0,0,1,1,1,0,0,1,0,1,1,1,1,1,1,1,1,0,1,1,0,0,1,0,1,1,1,1,1,1,1,1,1,1,0,0,0,1,1,0,0,1,0,1,1,1,1,1,1,1,0,0,0,0,0,0,0,0,0,0,0,0,0,0,0,1,0,0,0,1,1,0,0,1,1,0,0,1,0,0,0,0,1,1,1,0,0,1,1,0,1,0,0,0,0,0,0,0,1,1,0,0,1,0,1,1,1,1,1,1,1,1,1,0,1,1,1,0,0,1,1,0,1,0,0,0,0,0,0,0,1,1,1,0,1,0,0,0,0,0,0,0,0,0,0,1,0,0,0,1,1,0,0,1,1,0,0,0,1,1,1,0.55542839703974978,-0.00083924620431830022,0.49919890135042344,-0.49950408178835737,-0.49919890135042344,7.6295109483481838e-05,1.0157167925535973,-7.6295109483481838e-05,-1.0157167925535977,7.6295109483481838e-05,-0.50789654383154037,-1.0157167925535977,0.49797817959868773,7.6295109483481838e-05,0.4993514915693904,-0.49797817959868773,-1.0157167925535977,-0.49797817959868773,-0.46868085755703071,0.49919890135042344,0.55542839703974978,6.9380711910357968,0,0.03229886024958889,0,1
63,1,1,1,1,1,1,0,1,0,1,1,0,0,0,0,0,0,1,1,1,1,1,1,1,1,1,1,1,1,0,1,0,1,0,0,0,1,1,0,0,1,1,0,0,1,0,0,1,0,1,1,1,0,0,1,1,0,0,1,1,0,1,1,1,0,1,1,1,0,0,1,1,0,0,1,1,1,0,0,0,1,0,0,0,0,0,0,0,0,0,0,0,0,0,0,0,1,0,0,1,1,0,1,0,0,0,0,0,0,0,0,0,0,1,1,1,1,1,1,1,1,1,1,1,1,1,1,1,0,1,1,0,0,1,0,1,1,1,1,1,1,1,1,1,1,0,0,0,0,0,0,0,0,0,0,0,0,0,0,0,0,1,1,1,0,0,1,0,1,1,1,1,1,1,1,1,0,1,1,0,0,1,0,1,1,1,1,1,1,1,1,1,1,0,0,0,1,1,0,0,1,0,1,1,1,1,1,1,1,0,0,0,0,0,0,0,0,0,0,0,0,0,0,0,1,0,0,0,1,1,0,0,1,1,0,0,1,0,0,0,0,1,1,1,0,0,1,1,0,1,0,0,0,0,0,0,0,1,1,0,0,1,0,1,1,1,1,1,1,1,1,1,0,1,1,1,0,0,1,1,0,1,0,0,0,0,0,0,0,1,1,1,0,1,0,0,0,0,0,0,0,0,0,0,1,0,0,0,1,1,0,0,1,1,0,0,0,1,1,1,0.98976119630731674,-0.00083924620431830022,0.49950408178835737,-0.4993514915693904,-0.49919890135042344,7.6295109483481838e-05,1.0157167925535973,-7.6295109483481838e-05,-1.0157167925535977,7.6295109483481838e-05,-0.50789654383154037,-1.0157167925535977,0.49797817959868773,7.6295109483481838e-05,0.4993514915693904,-0.49797817959868773,-1.0157167925535977,-0.49797817959868773,-0.46868085755703071,0.49919890135042344,0.98976119630731674,6.1810543575039398,0,0.031877881826802401,0,1
64,1,1,1,0,0,0,0,1,1,0,1,1,0,0,1,0,0,1,1,1,1,1,1,1,1,1,1,1,1,0,1,0,1,0,0,0,1,1,0,0,1,1,0,0,0,1,1,1,0,1,1,1,0,0,1,1,0,0,1,1,0,1,1,0,0,1,1,1,0,0,1,1,0,0,1,1,1,0,0,1,1,0,0,0,0,0,0,0,0,0,0,0,0,0,0,1,1,0,0,1,1,0,1,0,0,0,0,0,0,0,0,0,0,1,1,1,1,1,1,1,1,1,1,1,1,1,1,0,0,1,1,0,0,1,0,1,1,1,1,1,1,1,1,1,1,0,0,0,0,0,0,0,0,0,0,0,0,0,0,0,0,1,1,1,0,0,1,0,1,1,1,1,1,1,1,1,0,1,1,0,0,1,0,1,1,1,1,1,1,1,1,1,1,0,0,0,1,1,0,0,1,0,1,1,1,1,1,1,1,0,0,0,0,0,0,0,0,0,0,0,0,0,0,0,1,0,0,0,1,1,0,0,1,1,0,0,1,0,0,0,0,1,1,1,0,0,1,1,0,1,0,0,0,0,0,0,0,1,1,0,0,1,0,1,1,1,1,1,1,1,1,1,0,1,1,1,0,0,1,1,0,1,0,0,0,0,0,0,0,1,1,1,0,1,0,0,0,0,0,0,0,0,0,0,1,0,0,0,1,1,0,0,1,1,0,0,0,1,1,1,0.88163576714732583,-0.00083924620431830022,0.49919890135042344,-0.49950408178835737,-0.49904631113145648,0.00022888532845044551,1.0157167925535973,-0.00022888532845044551,-1.0157167925535977,7.6295109483481838e-05,-0.50789654383154037,-1.0157167925535977,0.49797817959868773,7.6295109483481838e-05,0.4993514915693904,-0.49797817959868773,-1.0157167925535977,-0.49797817959868773,-0.46868085755703071,0.49919890135042344,0.88163576714732583,6.3507622882556847,0,0.031871610525999725,0,1
65,0,0,0,0,0,0,0,0,1,0,0,1,0,0,0,0,0,1,1,1,1,1,1,1,1,1,1,1,1,1,1,0,1,0,0,0,1,1,0,0,1,1,0,0,1,1,0,1,0,1,1,1,0,0,1,1,0,0,1,1,0,1,1,0,0,1,1,1,0,0,1,1,0,0,1,1,1,0,0,0,1,0,0,0,0,0,0,0,0,0,0,0,0,0,0,0,1,0,0,1,1,0,1,0,0,0,0,0,0,0,0,0,0,1,1,1,1,1,1,1,1,1,1,1,1,1,1,0,0,1,1,0,0,1,0,1,1,1,1,1,1,1,1,1,1,0,0,0,0,0,0,0,0,0,0,0,0,0,0,0,0,1,1,1,0,0,1,0,1,1,1,1,1,1,1,1,0,1,1,0,0,1,0,1,1,1,1,1,1,1,1,1,1,0,0,0,1,1,0,0,1,0,1,1,1,1,1,1,1,0,0,0,0,0,0,0,0,0,0,0,0,0,0,0,1,0,0,0,1,1,0,0,1,1,0,0,1,0,1,0,0,1,1,1,0,0,1,1,0,1,0,0,0,0,0,0,0,1,1,0,0,1,0,1,1,1,1,1,1,1,1,1,0,1,1,1,0,0,1,1,0,1,0,0,0,0,0,0,0,1,1,1,0,1,0,0,0,0,0,0,0,0,0,0,1,0,0,0,1,1,0,0,1,1,0,0,0,1,1,1,0.0021972991531242847,-0.00022888532845044551,0.50011444266422522,-0.49950408178835737,-0.49919890135042344,7.6295109483481838e-05,1.0157167925535973,-0.00022888532845044551,-1.0157167925535977,7.6295109483481838e-05,-0.50789654383154037,-1.0157167925535977,0.49797817959868773,7.6295109483481838e-05,0.49965667200732433,-0.49797817959868773,-1.0157167925535977,-0.49797817959868773,-0.46868085755703071,0.49919890135042344,0.0021972991531242847,9.056229715366154,0,0.031595427318534555,0,1
66,0,0,1,0,1,1,0,0,0,0,0,0,0,0,0,0,0,1,1,1,1,1,1,1,1,1,1,1,1,1,1,0,1,0,0,0,1,1,0,0,1,1,0,0,1,0,0,1,0,1,1,1,0,0,1,1,0,0,1,1,0,1,1,0,0,1,1,1,0,0,1,1,0,0,1,1,1,0,0,0,1,0,0,0,0,0,0,0,0,0,0,0,0,0,0,0,1,0,0,1,1,0,1,0,0,0,0,0,0,0,0,0,0,1,1,1,1,1,1,1,1,1,1,1,1,1,1,1,0,1,1,0,0,1,0,1,1,1,1,1,1,1,1,1,1,0,0,0,0,0,0,0,0,0,0,0,0,0,0,0,0,1,1,1,0,0,1,0,1,1,1,1,1,1,1,1,0,1,1,0,0,1,0,1,1,1,1,1,1,1,1,1,1,0,0,0,1,1,0,0,1,0,1,1,1,1,1,1,1,0,0,0,0,0,0,0,0,0,0,0,0,0,0,0,1,0,0,0,1,1,0,0,1,1,0,0,1,0,0,0,0,1,1,1,0,0,1,1,0,1,0,0,0,0,0,0,0,1,1,0,0,1,0,1,1,1,1,1,1,1,1,1,0,1,1,1,0,0,1,1,0,1,0,0,0,0,0,0,0,1,1,1,0,1,0,0,0,0,0,0,0,0,0,0,1,0,0,0,1,1,0,0,1,1,0,0,0,1,1,1,0.17187762264438849,-0.00022888532845044551,0.49950408178835737,-0.49950408178835737,-0.49919890135042344,7.6295109483481838e-05,1.0157167925535973,-7.6295109483481838e-05,-1.0157167925535977,7.6295109483481838e-05,-0.50789654383154037,-1.0157167925535977,0.49797817959868773,7.6295109483481838e-05,0.4993514915693904,-0.49797817959868773,-1.0157167925535977,-0.49797817959868773,-0.46868085755703071,0.49919890135042344,0.17187762264438849,7.9405268038212018,0,0.031347189554529031,0,1
67,0,1,0,1,0,1,0,0,1,0,0,0,0,0,0,0,0,1,1,1,1,1,1,1,1,1,1,1,1,1,1,0,1,0,0,0,1,1,0,0,1,1,0,0,1,0,0,1,0,1,1,1,0,0,1,1,0,0,1,1,0,1,1,0,0,1,1,1,0,0,1,1,0,0,1,1,1,0,0,0,1,0,0,0,0,0,0,0,0,0,0,0,0,0,0,0,1,0,0,1,1,0,1,0,0,0,0,0,0,0,0,0,0,1,1,1,1,1,1,1,1,1,1,1,1,1,1,1,0,1,1,0,0,1,0,1,1,1,1,1,1,1,1,1,1,0,0,0,0,0,0,0,0,0,0,0,0,0,0,0,0,1,1,1,0,0,1,0,1,1,1,1,1,1,1,1,0,1,1,0,0,1,0,1,1,1,1,1,1,1,1,1,1,0,0,0,1,1,0,0,1,0,1,1,1,1,1,1,1,0,0,0,0,0,0,0,0,0,0,0,0,0,0,0,1,0,0,0,1,1,0,0,1,1,0,0,1,0,0,0,0,1,1,1,0,0,1,1,0,1,0,0,0,0,0,0,0,1,1,0,0,1,0,1,1,1,1,1,1,1,1,1,0,1,1,1,0,0,1,1,0,1,0,0,0,0,0,0,0,1,1,1,0,1,0,0,0,0,0,0,0,0,0,0,1,0,0,0,1,1,0,0,1,1,0,0,0,1,1,1,0.33008316166933699,-0.00022888532845044551,0.49950408178835737,-0.49950408178835737,-0.49919890135042344,7.6295109483481838e-05,1.0157167925535973,-7.6295109483481838e-05,-1.0157167925535977,7.6295109483481838e-05,-0.50789654383154037,-1.0157167925535977,0.49797817959868773,7.6295109483481838e-05,0.4993514915693904,-0.49797817959868773,-1.0157167925535977,-0.49797817959868773,-0.46868085755703071,0.49919890135042344,0.33008316166933699,7.4554385837539039,0,0.030833153047277823,0,1
68,0,1,1,1,0,1,1,1,1,0,0,1,0,0,0,0,0,1,1,1,1,1,1,1,1,1,1,1,1,1,1,0,1,0,0,0,1,1,0,0,1,1,0,0,1,0,0,0,0,1,1,1,0,0,1,1,0,0,1,1,0,1,1,0,0,1,1,1,0,0,1,1,0,0,1,1,1,0,0,0,1,0,0,0,0,0,0,0,0,0,0,0,0,0,1,0,1,0,0,1,1,0,1,0,0,0,0,0,0,0,0,0,0,1,1,1,1,1,1,1,1,1,1,1,1,1,1,1,0,1,1,0,0,1,0,1,1,1,1,1,1,1,1,1,1,0,0,0,0,0,0,0,0,0,0,0,0,0,0,0,0,1,1,1,0,0,1,0,1,1,1,1,1,1,1,1,0,1,1,0,0,1,0,1,1,1,1,1,1,1,1,1,1,0,0,0,1,1,0,0,1,0,1,1,1,1,1,1,1,0,0,0,0,0,0,0,0,0,0,0,0,0,0,0,1,0,0,0,1,1,0,0,1,1,0,0,1,0,0,0,0,1,1,1,0,0,1,1,0,1,0,0,0,0,0,0,0,1,1,0,0,1,0,1,1,1,1,1,1,1,1,1,0,1,1,1,0,0,1,1,0,1,0,0,0,0,0,0,0,1,1,1,0,1,0,0,0,0,0,0,0,0,0,0,1,0,0,0,1,1,0,0,1,1,0,0,0,1,1,1,0.46704814221408408,-0.00022888532845044551,0.4993514915693904,-0.49950408178835737,-0.49919890135042344,0.00038147554741740919,1.0157167925535973,-7.6295109483481838e-05,-1.0157167925535977,7.6295109483481838e-05,-0.50789654383154037,-1.0157167925535977,0.49797817959868773,7.6295109483481838e-05,0.4993514915693904,-0.49797817959868773,-1.0157167925535977,-0.49797817959868773,-0.46868085755703071,0.49919890135042344,0.46704814221408408,7.125310850899556,0,0.030434214013473918,0,1
69,1,1,1,0,1,0,1,1,0,0,0,0,0,0,0,0,0,1,1,1,1,1,1,1,1,1,1,1,1,0,1,0,1,0,0,0,1,1,0,0,1,1,0,0,1,0,0,1,0,1,1,1,0,0,1,1,0,0,1,1,0,1,0,1,0,1,1,1,0,0,1,1,0,0,1,1,1,0,0,1,1,0,0,0,0,0,0,0,0,0,0,0,0,0,0,0,1,0,0,1,1,0,1,0,0,0,0,0,0,0,0,0,0,1,1,1,1,1,1,1,1,1,1,1,1,1,1,1,0,1,1,0,0,1,0,1,1,1,1,1,1,1,1,1,1,0,0,0,0,0,0,0,0,0,0,0,0,0,0,0,0,1,1,1,0,0,1,0,1,1,1,1,1,1,1,1,0,1,1,0,0,1,0,1,1,1,1,1,1,1,1,1,1,0,0,0,1,1,0,0,1,0,1,1,1,1,1,1,1,0,0,0,0,0,0,0,0,0,0,0,0,0,0,0,1,0,0,0,1,1,0,0,1,1,0,0,1,0,0,0,0,1,1,1,0,0,1,1,0,1,0,0,0,0,0,0,0,1,1,0,0,1,0,1,1,1,1,1,1,1,1,1,0,1,1,1,0,0,1,1,0,1,0,0,0,0,0,0,0,1,1,1,0,1,0,0,0,0,0,0,0,0,0,0,1,0,0,0,1,1,0,0,1,1,0,0,0,1,1,1,0.91798275730525669,-0.00083924620431830022,0.49950408178835737,-0.49965667200732433,-0.49904631113145648,7.6295109483481838e-05,1.0157167925535973,-7.6295109483481838e-05,-1.0157167925535977,7.6295109483481838e-05,-0.50789654383154037,-1.0157167925535977,0.49797817959868773,7.6295109483481838e-05,0.4993514915693904,-0.49797817959868773,-1.0157167925535977,-0.49797817959868773,-0.46868085755703071,0.49919890135042344,0.91798275730525669,6.292627867815149,0,0.029890985222871785,0,1
70,0,0,0,0,0,1,1,0,1,1,0,1,0,0,0,0,0,1,1,1,1,1,1,1,1,1,1,1,1,0,1,1,1,0,0,0,1,1,0,0,1,1,0,0,0,1,1,0,0,1,1,1,0,0,1,1,0,0,1,1,0,1,1,0,0,1,1,1,0,0,1,1,0,0,1,1,1,0,0,0,1,0,0,0,0,0,0,0,0,0,0,0,0,0,0,0,1,0,0,1,1,0,1,0,0,0,0,0,0,0,0,0,0,1,1,1,1,1,1,1,1,1,1,1,1,1,1,1,0,1,1,0,0,1,0,1,1,1,1,1,1,1,1,1,1,0,0,0,0,0,0,0,0,0,0,0,0,0,0,0,0,1,1,1,0,0,1,0,1,1,1,1,1,1,1,1,0,1,1,0,0,1,0,1,1,1,1,1,1,1,1,1,1,0,0,0,1,1,0,0,1,0,1,1,1,1,1,1,1,0,0,0,0,0,0,0,0,0,0,0,0,0,0,0,1,0,0,0,1,1,0,0,1,1,0,0,1,0,0,0,0,1,1,1,0,0,1,1,0,1,0,0,0,0,0,0,0,1,1,0,0,1,0,1,1,1,1,1,1,1,1,1,0,1,1,1,0,0,1,1,0,1,0,0,0,0,0,0,0,1,1,1,0,1,0,0,0,0,0,0,0,0,0,0,1,0,0,0,1,1,0,0,1,1,0,0,0,1,1,1,0.026611734187838559,-0.00068665598535133654,0.49904631113145648,-0.49950408178835737,-0.49919890135042344,7.6295109483481838e-05,1.0157167925535973,-7.6295109483481838e-05,-1.0157167925535977,7.6295109483481838e-05,-0.50789654383154037,-1.0157167925535977,0.49797817959868773,7.6295109483481838e-05,0.4993514915693904,-0.49797817959868773,-1.0157167925535977,-0.49797817959868773,-0.46868085755703071,0.49919890135042344,0.026611734187838559,8.703512200142594,0,0.029762113278151169,0,1
71,1,1,1,0,1,0,0,1,1,0,1,1,0,0,1,0,0,1,1,1,1,1,1,1,1,1,1,1,1,0,1,0,1,0,0,0,1,1,0,0,1,1,0,0,0,1,1,1,0,1,1,1,0,0,1,1,0,0,1,1,0,1,1,0,0,1,1,1,0,0,1,1,0,0,1,1,1,0,0,1,1,0,0,0,0,0,0,0,0,0,0,0,0,0,0,1,1,0,0,1,1,0,1,0,0,0,0,0,0,0,0,0,0,1,1,1,1,1,1,1,1,1,1,1,1,1,1,0,0,1,1,0,0,1,0,1,1,1,1,1,1,1,1,1,1,0,0,0,0,0,0,0,0,0,0,0,0,0,0,0,0,1,1,1,0,0,1,0,1,1,1,1,1,1,1,1,0,1,1,0,0,1,0,1,1,1,1,1,1,1,1,1,1,0,0,0,1,1,0,0,1,0,1,1,1,1,1,1,1,0,0,0,0,0,0,0,0,0,0,0,0,0,0,0,1,0,0,0,1,1,0,0,1,1,0,0,1,0,0,0,0,1,1,1,0,0,1,1,0,1,0,0,0,0,0,0,0,1,1,0,0,1,0,1,1,1,1,1,1,1,1,1,0,1,1,1,0,0,1,1,0,1,0,0,0,0,0,0,0,1,1,1,0,1,0,0,0,0,0,0,0,0,0,0,1,0,0,0,1,1,0,0,1,1,0,0,0,1,1,1,0.9128862439917601,-0.00083924620431830022,0.49919890135042344,-0.49950408178835737,-0.49904631113145648,0.00022888532845044551,1.0157167925535973,-0.00022888532845044551,-1.0157167925535977,7.6295109483481838e-05,-0.50789654383154037,-1.0157167925535977,0.49797817959868773,7.6295109483481838e-05,0.4993514915693904,-0.49797817959868773,-1.0157167925535977,-0.49797817959868773,-0.46868085755703071,0.49919890135042344,0.9128862439917601,6.3007308717906101,0,0.029484052285541684,0,1
72,0,0,0,0,0,0,1,1,0,0,1,1,0,0,0,0,0,1,1,1,1,1,1,1,1,1,1,1,1,0,1,0,1,0,0,0,1,1,0,0,1,1,0,0,0,1,1,1,0,1,1,1,0,0,1,1,0,0,1,1,0,1,1,0,0,1,1,1,0,0,1,1,0,0,1,1,1,0,0,0,1,0,0,0,0,0,0,0,0,0,0,0,0,0,0,0,1,0,0,1,1,0,1,0,0,0,0,0,0,0,0,0,0,1,1,1,1,1,1,1,1,1,1,1,1,1,1,1,0,1,1,0,0,1,0,1,1,1,1,1,1,1,1,1,1,0,0,0,0,0,0,0,0,0,0,0,0,0,0,0,0,1,1,1,0,0,1,0,1,1,1,1,1,1,1,1,0,1,1,0,0,1,0,1,1,1,1,1,1,1,1,1,1,0,0,0,1,1,0,0,1,0,1,1,1,1,1,1,1,0,0,0,0,0,0,0,0,0,0,0,0,0,0,0,1,0,0,0,1,1,0,0,1,1,0,0,1,0,0,0,0,1,1,1,0,0,1,1,0,1,0,0,0,0,0,0,0,1,1,0,0,1,0,1,1,1,1,1,1,1,1,1,0,1,1,1,0,0,1,1,0,1,0,0,0,0,0,0,0,1,1,1,0,1,0,0,0,0,0,0,0,0,0,0,1,0,0,0,1,1,0,0,1,1,0,0,0,1,1,1,0.012451361867704281,-0.00083924620431830022,0.49919890135042344,-0.49950408178835737,-0.49919890135042344,7.6295109483481838e-05,1.0157167925535973,-7.6295109483481838e-05,-1.0157167925535977,7.6295109483481838e-05,-0.50789654383154037,-1.0157167925535977,0.49797817959868773,7.6295109483481838e-05,0.4993514915693904,-0.49797817959868773,-1.0157167925535977,-0.49797817959868773,-0.46868085755703071,0.49919890135042344,0.012451361867704281,8.8599649791189758,0,0.029124450133760249,0,1
73,0,1,0,1,0,1,1,1,0,0,0,0,1,0,1,0,0,1,1,1,1,1,1,1,1,1,1,1,1,0,1,1,1,0,0,0,1,1,0,0,1,1,0,0,0,1,1,1,0,1,1,1,0,0,1,1,0,0,1,1,0,1,1,0,0,1,1,1,0,0,1,1,0,0,1,1,1,0,0,0,1,0,0,0,0,0,0,0,0,0,0,0,0,0,1,0,1,0,0,1,1,0,1,0,0,0,0,0,0,0,0,0,0,1,1,1,1,1,1,1,1,1,0,1,1,1,1,1,0,1,1,0,0,1,0,1,1,1,1,1,1,1,1,1,1,0,0,0,0,0,0,0,0,0,0,0,0,0,0,0,0,1,1,1,0,0,1,0,1,1,1,1,1,1,1,1,0,1,1,0,0,1,0,1,1,1,1,1,1,1,1,1,1,0,0,0,1,1,0,0,1,0,1,1,1,1,1,1,1,0,0,0,0,0,0,0,0,0,0,0,1,0,0,0,1,0,0,0,1,1,0,0,1,1,0,0,1,0,0,0,0,1,1,1,0,0,1,1,0,1,0,0,0,0,0,1,0,1,1,0,0,1,0,1,1,1,1,1,1,1,1,1,0,1,1,1,0,0,1,1,0,1,0,0,0,0,0,0,0,1,1,1,0,1,0,0,0,0,0,0,0,0,0,0,1,0,0,0,1,1,0,0,1,1,0,0,0,1,1,1,0.34000152590218968,-0.00068665598535133654,0.49919890135042344,-0.49950408178835737,-0.49919890135042344,0.00038147554741740919,1.0157167925535973,-0.0049591821164263195,-1.0157167925535977,7.6295109483481838e-05,-0.50789654383154037,-1.0157167925535977,0.49797817959868773,0.0012970168612191912,0.4993514915693904,-0.49782558937972077,-1.0157167925535977,-0.49797817959868773,-0.46868085755703071,0.49919890135042344,0.34000152590218968,7.4489429097291611,0,0.028842915831884381,0,1
74,1,0,0,1,1,0,1,0,0,1,0,0,0,0,0,0,0,1,1,1,1,1,1,1,1,1,1,1,1,1,1,0,1,0,0,0,1,1,0,0,1,1,0,0,1,0,1,0,0,1,1,1,0,0,1,1,0,0,1,1,0,1,1,0,0,1,1,1,0,0,1,1,0,0,1,1,1,0,0,0,1,0,0,0,0,0,0,0,0,0,0,0,0,0,1,0,1,0,0,1,1,0,1,0,0,0,0,0,0,0,0,0,0,1,1,1,1,1,1,1,1,1,1,1,1,0,1,1,0,1,1,0,0,1,0,1,1,1,1,1,1,1,1,1,1,0,0,0,0,0,0,0,0,0,0,0,0,0,0,0,0,1,1,1,0,0,1,0,1,1,1,1,1,1,1,1,0,1,1,0,0,1,0,1,1,1,1,1,1,1,1,1,1,0,0,0,1,1,0,0,1,0,1,1,1,0,1,1,1,0,0,0,0,0,0,0,0,0,0,0,0,0,0,0,1,0,0,0,1,1,0,0,1,1,0,1,1,0,0,0,0,1,1,1,0,0,1,1,0,1,0,0,0,0,0,0,0,1,1,0,0,1,0,1,1,1,1,1,1,1,1,1,0,1,1,1,0,0,1,1,0,1,0,0,0,0,0,0,0,1,1,1,0,1,0,0,0,0,0,0,0,0,0,0,1,0,0,0,1,1,0,0,1,1,0,0,0,1,1,1,0.60254825665674827,-0.00022888532845044551,0.49965667200732433,-0.49950408178835737,-0.49919890135042344,0.00038147554741740919,1.0157167925535973,-0.00068665598535133654,-1.0157167925535977,7.6295109483481838e-05,-0.50789654383154037,-1.0157167925535977,0.49736781872281988,7.6295109483481838e-05,0.50179293507286182,-0.49797817959868773,-1.0157167925535977,-0.49797817959868773,-0.46868085755703071,0.49919890135042344,0.60254825665674827,6.8496323588777885,0,0.028742170457574726,0,1
75,1,0,0,1,0,0,1,1,1,0,1,0,0,0,0,0,0,1,1,1,1,1,1,1,1,1,1,1,1,1,1,0,1,0,0,0,1,1,0,0,1,1,0,0,1,0,0,0,0,1,1,1,0,0,1,1,0,0,1,1,0,1,1,1,0,1,1,1,0,0,1,1,0,0,1,1,1,0,0,0,1,0,0,0,0,0,0,0,0,0,0,0,0,0,0,0,1,0,0,1,1,0,1,0,0,0,0,0,0,0,0,0,0,1,1,1,1,1,1,1,1,1,1,1,1,1,1,1,0,1,1,0,0,1,0,1,1,1,1,1,1,1,1,1,1,0,0,0,0,0,0,0,0,0,0,0,0,0,0,0,0,1,1,1,0,0,1,0,1,1,1,1,1,1,1,1,0,1,1,0,0,1,0,1,1,1,1,1,1,1,1,1,1,0,0,0,1,1,0,0,1,0,1,1,1,1,1,1,1,0,0,0,0,0,0,0,0,0,0,0,0,0,0,0,1,0,0,0,1,1,0,0,1,1,0,0,1,0,0,0,0,1,1,1,0,0,1,1,0,1,0,0,0,0,0,0,0,1,1,0,0,1,0,1,1,1,1,1,1,1,1,1,0,1,1,1,0,0,1,1,0,1,0,0,0,0,0,0,0,1,1,1,0,1,0,0,0,0,0,0,0,0,0,0,1,0,0,0,1,1,0,0,1,1,0,0,0,1,1,1,0.57666895551995112,-0.00022888532845044551,0.4993514915693904,-0.4993514915693904,-0.49919890135042344,7.6295109483481838e-05,1.0157167925535973,-7.6295109483481838e-05,-1.0157167925535977,7.6295109483481838e-05,-0.50789654383154037,-1.0157167925535977,0.49797817959868773,7.6295109483481838e-05,0.4993514915693904,-0.49797817959868773,-1.0157167925535977,-0.49797817959868773,-0.46868085755703071,0.49919890135042344,0.57666895551995112,6.8947742768479054,0,0.028438137355180089,0,1
76,0,0,0,0,0,0,0,0,0,0,1,0,1,0,1,0,0,1,1,1,1,1,1,1,1,1,1,1,1,1,1,0,1,0,0,0,1,1,0,0,1,1,0,0,1,0,0,0,0,1,1,1,0,0,1,1,0,0,1,1,0,1,1,1,0,1,1,1,0,0,1,1,0,0,1,1,1,0,0,0,1,0,0,0,0,0,0,0,0,0,0,0,0,0,0,0,1,0,0,1,1,0,1,0,0,0,0,0,0,0,0,0,0,1,1,1,1,1,1,1,1,1,1,1,1,1,1,1,0,1,1,0,0,1,0,1,1,1,1,1,1,1,1,1,1,0,0,0,0,0,0,0,0,0,0,0,0,0,0,0,0,1,1,1,0,0,1,0,1,1,1,1,1,1,1,1,0,1,1,0,0,1,0,1,1,1,1,1,1,1,1,1,1,0,0,0,1,1,0,0,1,0,1,1,1,1,1,1,1,0,0,0,0,0,0,0,0,0,0,0,0,0,0,0,1,0,0,0,1,1,0,0,1,1,0,0,1,0,0,0,0,1,1,1,0,0,1,1,0,1,0,0,0,0,0,0,0,1,1,0,0,1,0,1,1,1,1,1,1,1,1,1,0,1,1,1,0,0,1,1,0,1,0,0,0,0,0,0,0,1,1,1,0,1,0,0,0,0,0,0,0,0,0,0,1,0,0,0,1,1,0,0,1,1,0,0,0,1,1,1,0.00064087891966124971,-0.00022888532845044551,0.4993514915693904,-0.4993514915693904,-0.49919890135042344,7.6295109483481838e-05,1.0157167925535973,-7.6295109483481838e-05,-1.0157167925535977,7.6295109483481838e-05,-0.50789654383154037,-1.0157167925535977,0.49797817959868773,7.6295109483481838e-05,0.4993514915693904,-0.49797817959868773,-1.0157167925535977,-0.49797817959868773,-0.46868085755703071,0.49919890135042344,0.00064087891966124971,9.121062312444236,0,0.027833635586311935,0,1
77,0,1,1,1,1,1,1,1,0,0,0,0,0,0,0,0,0,1,1,1,1,1,1,1,1,1,1,1,1,1,1,0,1,0,0,0,1,1,0,0,1,1,0,0,1,0,0,0,0,1,1,1,0,0,1,1,0,0,1,1,0,1,1,0,0,1,1,1,0,0,1,1,0,0,1,1,1,0,0,0,1,0,0,0,0,0,0,0,0,0,0,0,0,0,0,0,1,0,0,1,1,0,1,0,0,0,0,0,0,0,0,0,0,1,1,1,1,1,1,1,1,1,1,1,1,1,1,1,0,1,1,0,0,1,0,1,1,1,1,1,1,1,1,1,1,0,0,0,0,0,0,0,0,0,0,0,0,0,0,0,0,1,1,1,0,0,1,0,1,1,1,1,1,1,1,1,0,1,1,0,0,1,0,1,1,1,1,1,1,1,1,1,1,0,0,0,1,1,0,0,1,0,1,1,1,1,1,1,1,0,0,0,0,0,0,0,0,0,0,0,0,0,0,0,1,0,0,0,1,1,0,0,1,1,0,0,1,0,0,0,0,1,1,1,0,0,1,1,0,1,0,0,0,0,0,0,0,1,1,0,0,1,0,1,1,1,1,1,1,1,1,1,0,1,1,1,0,0,1,1,0,1,0,0,0,0,0,0,0,1,1,1,0,1,0,0,0,0,0,0,0,0,0,0,1,0,0,0,1,1,0,0,1,1,0,0,0,1,1,1,0.49610131990539408,-0.00022888532845044551,0.4993514915693904,-0.49950408178835737,-0.49919890135042344,7.6295109483481838e-05,1.0157167925535973,-7.6295109483481838e-05,-1.0157167925535977,7.6295109483481838e-05,-0.50789654383154037,-1.0157167925535977,0.49797817959868773,7.6295109483481838e-05,0.4993514915693904,-0.49797817959868773,-1.0157167925535977,-0.49797817959868773,-0.46868085755703071,0.49919890135042344,0.49610131990539408,7.061720052670343,0,0.027421570231420382,0,1
78,0,0,1,0,0,1,1,0,0,0,0,0,0,0,0,0,0,1,1,1,1,1,1,1,1,1,1,0,1,0,1,1,1,0,0,0,1,1,0,0,1,1,0,0,1,1,0,1,0,1,1,1,0,0,1,1,0,0,1,1,0,1,1,1,0,1,1,1,0,0,1,1,0,0,1,1,1,0,0,0,1,0,0,0,0,0,0,0,0,0,0,0,0,0,0,0,1,0,0,1,1,0,1,0,0,0,0,0,0,0,0,0,0,1,1,1,1,1,1,1,1,1,1,1,1,1,1,1,0,1,1,0,0,1,0,1,1,1,1,1,1,1,1,1,1,0,0,0,0,0,0,0,0,0,0,0,0,0,0,0,0,1,1,1,0,0,1,0,1,1,1,1,1,1,1,1,0,1,1,0,0,1,0,1,1,1,1,1,1,1,1,1,1,0,0,0,1,1,0,0,1,0,1,1,1,1,1,1,1,0,0,0,0,0,0,0,0,0,0,0,0,0,0,0,1,0,0,0,1,1,0,0,1,1,0,0,1,0,0,0,0,1,1,1,0,0,1,1,0,1,0,0,0,0,0,0,0,1,1,0,0,1,0,1,1,1,1,1,1,1,1,1,0,1,1,1,0,0,1,1,0,1,0,0,0,0,0,0,0,1,1,1,0,1,0,0,0,0,0,0,0,0,0,0,1,0,0,0,1,1,0,0,1,1,0,0,0,1,1,1,0.14843976501106279,-0.0031280994888227553,0.50011444266422522,-0.4993514915693904,-0.49919890135042344,7.6295109483481838e-05,1.0157167925535973,-7.6295109483481838e-05,-1.0157167925535977,7.6295109483481838e-05,-0.50789654383154037,-1.0157167925535977,0.49797817959868773,7.6295109483481838e-05,0.4993514915693904,-0.49797817959868773,-1.0157167925535977,-0.49797817959868773,-0.46868085755703071,0.49919890135042344,0.14843976501106279,8.0369855766523859,0,0.027416302155230179,0,1
79,1,0,0,0,1,1,1,0,0,0,1,1,0,0,0,0,0,1,1,1,1,1,1,1,1,1,1,1,1,0,1,0,1,0,0,0,1,1,0,0,1,1,0,0,0,1,1,1,0,1,1,1,0,0,1,1,0,0,1,1,0,1,1,0,0,1,1,1,0,0,1,1,0,0,1,1,1,0,0,0,1,0,0,0,0,0,0,0,0,0,0,0,0,0,0,0,1,0,0,1,1,0,1,0,0,0,0,0,0,0,0,0,0,1,1,1,1,1,1,1,1,1,1,1,1,1,1,1,0,1,1,0,0,1,0,1,1,1,1,1,1,1,1,1,1,0,0,0,0,0,0,0,0,0,0,0,0,0,0,0,0,1,1,1,0,0,1,0,1,1,1,1,1,1,1,1,0,1,1,0,0,1,0,1,1,1,1,1,1,1,1,1,1,0,0,0,1,1,0,0,1,0,1,1,1,1,1,1,1,0,0,0,0,0,0,0,0,0,0,0,0,0,0,0,1,0,0,0,1,1,0,0,1,1,0,0,1,0,0,0,0,1,1,1,0,0,1,1,0,1,0,0,0,0,0,0,0,1,1,0,0,1,0,1,1,1,1,1,1,1,1,1,0,1,1,1,0,0,1,1,0,1,0,0,0,0,0,0,0,1,1,1,0,1,0,0,0,0,0,0,0,0,0,0,1,0,0,0,1,1,0,0,1,1,0,0,0,1,1,1,0.55542839703974978,-0.00083924620431830022,0.49919890135042344,-0.49950408178835737,-0.49919890135042344,7.6295109483481838e-05,1.0157167925535973,-7.6295109483481838e-05,-1.0157167925535977,7.6295109483481838e-05,-0.50789654383154037,-1.0157167925535977,0.49797817959868773,7.6295109483481838e-05,0.4993514915693904,-0.49797817959868773,-1.0157167925535977,-0.49797817959868773,-0.46868085755703071,0.49919890135042344,0.55542839703974978,6.9380711910357968,0,0.027346410858796882,0,1
80,0,1,0,0,0,1,0,1,0,1,1,1,0,0,0,0,0,1,1,1,1,1,1,1,1,1,1,1,1,0,1,0,1,0,0,0,1,1,0,0,1,1,0,0,1,0,0,1,0,1,1,1,0,0,1,1,0,0,1,1,0,1,1,0,0,1,1,1,0,0,1,1,0,0,1,1,1,0,0,1,1,0,0,0,0,0,0,0,0,0,0,0,0,0,0,1,1,0,0,1,1,0,1,0,0,0,0,0,0,0,0,0,0,1,1,1,1,1,1,1,1,1,1,1,1,1,1,1,0,1,1,0,0,1,0,1,1,1,1,1,1,1,1,1,1,0,0,0,0,0,0,0,0,0,0,0,0,0,0,0,0,1,1,1,0,0,1,0,1,1,1,1,1,1,1,1,0,1,1,0,0,1,0,1,1,1,1,1,1,1,1,1,1,0,0,0,1,1,0,0,1,0,1,1,1,1,1,1,1,0,0,0,0,0,0,0,0,0,0,0,0,0,0,0,1,0,0,0,1,1,0,0,1,1,0,0,1,0,0,0,0,1,1,1,0,0,1,1,0,1,0,0,0,0,0,0,0,1,1,0,0,1,0,1,1,1,1,1,1,1,1,1,0,1,1,1,0,0,1,1,0,1,0,0,0,0,0,0,0,1,1,1,0,1,0,0,0,0,0,0,0,0,0,0,1,0,0,0,1,1,0,0,1,1,0,0,0,1,1,1,0.27124437323567557,-0.00083924620431830022,0.49950408178835737,-0.49950408178835737,-0.49904631113145648,0.00022888532845044551,1.0157167925535973,-7.6295109483481838e-05,-1.0157167925535977,7.6295109483481838e-05,-0.50789654383154037,-1.0157167925535977,0.49797817959868773,7.6295109483481838e-05,0.4993514915693904,-0.49797817959868773,-1.0157167925535977,-0.49797817959868773,-0.46868085755703071,0.49919890135042344,0.27124437323567557,7.6189114030603138,0,0.027248080740969457,0,1
81,0,0,0,0,1,0,1,1,0,0,0,0,0,0,0,0,0,1,1,1,1,1,1,1,1,1,1,1,1,1,1,0,1,0,0,0,1,1,0,0,1,1,0,0,0,1,1,1,0,1,1,1,0,0,1,1,0,0,1,1,0,1,1,0,0,1,1,1,0,0,1,1,0,0,1,1,1,0,0,1,1,0,0,0,0,0,0,0,0,0,0,0,0,0,0,1,1,0,0,1,1,0,1,0,0,0,0,0,0,0,0,0,0,1,1,1,1,1,1,1,1,1,1,1,1,1,1,0,0,1,1,0,0,1,0,1,1,1,1,1,1,1,1,1,1,0,0,0,0,0,0,0,0,0,0,0,0,0,0,0,0,1,1,1,0,0,1,0,1,1,1,1,1,1,1,1,0,1,1,0,0,1,0,1,1,1,1,1,1,1,1,1,1,0,0,0,1,1,0,0,1,0,1,1,1,1,1,1,1,0,0,0,0,0,0,0,0,0,0,0,0,0,0,0,1,0,0,0,1,1,0,0,1,1,0,0,1,0,0,0,0,1,1,1,0,0,1,1,0,1,1,0,0,0,0,0,0,1,1,0,0,1,0,1,1,1,1,1,1,1,1,1,0,1,1,1,0,0,1,1,0,1,0,0,0,0,0,0,0,1,1,1,0,1,0,0,0,0,0,0,0,0,0,0,1,0,0,0,1,1,0,0,1,1,0,0,0,1,1,1,0.042969405661097124,-0.00022888532845044551,0.49919890135042344,-0.49950408178835737,-0.49904631113145648,0.00022888532845044551,1.0157167925535973,-0.00022888532845044551,-1.0157167925535977,7.6295109483481838e-05,-0.50789654383154037,-1.0157167925535977,0.49797817959868773,7.6295109483481838e-05,0.4993514915693904,-0.49309529259174489,-1.0157167925535977,-0.49797817959868773,-0.46868085755703071,0.49919890135042344,0.042969405661097124,8.5978764648374977,0,0.026743107326048274,0,1
82,1,0,0,0,1,0,0,0,0,0,0,0,0,0,0,0,0,1,1,1,1,1,1,1,1,1,1,1,1,0,1,0,1,0,0,0,1,1,0,0,1,1,0,0,0,1,1,0,0,1,1,1,0,0,1,1,0,0,1,0,0,1,1,0,0,1,1,1,0,0,1,1,0,0,1,1,1,0,0,0,1,0,0,0,0,0,0,0,0,0,0,0,0,0,0,0,1,0,0,1,1,0,1,0,0,0,0,0,0,0,0,0,0,1,1,1,1,1,1,1,1,1,1,1,1,1,1,0,0,1,1,0,0,1,0,1,1,1,1,1,1,1,1,1,1,0,0,0,0,0,0,0,0,0,0,0,0,0,0,0,0,1,1,1,0,0,1,0,1,1,1,1,1,1,1,1,0,1,1,0,0,1,0,1,1,1,1,1,1,1,1,1,1,0,0,0,1,1,0,0,1,0,1,1,1,1,1,1,1,0,0,0,0,0,0,0,0,0,0,0,0,0,0,0,1,0,0,0,1,1,0,0,1,1,0,0,1,0,0,0,0,1,1,1,0,0,1,1,0,1,0,0,0,0,0,0,0,1,1,0,0,1,0,1,1,1,1,1,1,1,1,1,0,1,1,1,0,0,1,1,0,1,0,0,0,0,0,0,0,1,1,1,0,1,0,0,0,0,0,0,0,0,0,0,1,0,0,0,1,1,0,0,1,1,0,0,0,1,1,1,0.53125810635538262,-0.00083924620431830022,0.49904631113145648,-0.50194552529182879,-0.49919890135042344,7.6295109483481838e-05,1.0157167925535973,-0.00022888532845044551,-1.0157167925535977,7.6295109483481838e-05,-0.50789654383154037,-1.0157167925535977,0.49797817959868773,7.6295109483481838e-05,0.4993514915693904,-0.49797817959868773,-1.0157167925535977,-0.49797817959868773,-0.46868085755703071,0.49919890135042344,0.53125810635538262,6.992492938001897,0,0.026349106481656313,0,1
83,0,1,0,0,0,1,0,0,0,1,1,1,0,0,0,0,0,1,1,1,1,1,1,1,1,1,1,1,1,0,1,0,1,0,0,0,1,1,0,0,1,1,0,0,1,0,0,1,0,1,1,1,0,0,1,1,0,0,1,1,0,1,1,0,0,1,1,1,0,0,1,1,0,0,1,1,1,0,0,1,1,0,0,0,0,0,0,0,0,0,0,0,0,0,0,1,1,0,0,1,1,0,1,0,0,0,0,0,0,0,0,0,0,1,1,1,1,1,1,1,1,1,1,1,1,1,1,1,0,1,1,0,0,1,0,1,1,1,1,1,1,1,1,1,1,0,0,0,0,0,0,0,0,0,0,0,0,0,0,0,0,1,1,1,0,0,1,0,1,1,1,1,1,1,1,1,0,1,1,0,0,1,0,1,1,1,1,1,1,1,1,1,1,0,0,0,1,1,0,0,1,0,1,1,1,1,1,1,1,0,0,0,0,0,0,0,0,0,0,0,0,0,0,0,1,0,0,0,1,1,0,0,1,1,0,0,1,0,0,0,0,1,1,1,0,0,1,1,0,1,0,0,0,0,0,0,0,1,1,0,0,1,0,1,1,1,1,1,1,1,1,1,0,1,1,1,0,0,1,1,0,1,0,0,0,0,0,0,0,1,1,1,0,1,0,0,0,0,0,0,0,0,0,0,1,0,0,0,1,1,0,0,1,1,0,0,0,1,1,1,0.2673380636301213,-0.00083924620431830022,0.49950408178835737,-0.49950408178835737,-0.49904631113145648,0.00022888532845044551,1.0157167925535973,-7.6295109483481838e-05,-1.0157167925535977,7.6295109483481838e-05,-0.50789654383154037,-1.0157167925535977,0.49797817959868773,7.6295109483481838e-05,0.4993514915693904,-0.49797817959868773,-1.0157167925535977,-0.49797817959868773,-0.46868085755703071,0.49919890135042344,0.2673380636301213,7.6303266799964202,0,0.026335347376517215,0,1
84,1,0,0,0,0,0,1,0,0,1,1,0,0,0,0,0,0,1,1,1,1,1,1,1,1,1,1,1,1,1,1,0,1,0,0,0,1,1,0,0,1,1,0,0,1,0,0,0,0,1,1,1,0,0,1,1,0,0,1,1,0,1,1,0,0,1,1,1,0,0,1,1,0,0,1,1,1,0,0,0,1,0,0,0,0,0,0,0,0,0,0,0,0,0,1,0,1,0,0,1,1,0,1,0,0,0,0,0,0,0,0,0,0,1,1,1,1,1,1,1,1,1,1,1,1,0,1,1,0,1,1,0,0,1,0,1,1,1,1,1,1,1,1,1,1,0,0,0,0,0,0,0,0,0,0,0,0,0,0,0,0,1,1,1,0,0,1,0,1,1,1,1,1,1,1,1,0,1,1,0,0,1,0,1,1,1,1,1,1,1,1,1,1,0,0,0,1,1,0,0,1,0,1,1,1,1,1,1,1,0,0,0,0,0,0,0,0,0,0,0,0,0,0,0,1,0,0,0,1,1,0,0,1,1,0,0,1,0,0,0,0,1,1,1,0,0,1,1,0,1,0,0,0,0,0,0,0,1,1,0,0,1,0,1,1,1,1,1,1,1,1,1,0,1,1,1,0,0,1,1,0,1,0,0,0,0,0,0,0,1,1,1,0,1,0,0,0,0,0,0,0,0,0,0,1,0,0,0,1,1,0,0,1,1,0,0,0,1,1,1,0.50928511482413974,-0.00022888532845044551,0.4993514915693904,-0.49950408178835737,-0.49919890135042344,0.00038147554741740919,1.0157167925535973,-0.00068665598535133654,-1.0157167925535977,7.6295109483481838e-05,-0.50789654383154037,-1.0157167925535977,0.49797817959868773,7.6295109483481838e-05,0.4993514915693904,-0.49797817959868773,-1.0157167925535977,-0.49797817959868773,-0.46868085755703071,0.49919890135042344,0.50928511482413974,7.0339447763533149,0,0.025864614957561913,0,1
85,0,1,0,0,1,0,0,0,0,0,0,0,0,0,0,0,0,1,1,1,1,1,1,1,1,1,1,1,1,0,1,0,1,0,0,0,1,1,0,0,1,1,0,0,0,1,1,0,0,1,1,1,0,0,1,1,0,0,1,1,0,1,1,0,0,1,1,1,0,0,1,1,0,0,1,1,1,0,0,0,1,0,0,0,0,0,0,0,0,0,0,0,0,0,0,0,1,0,0,1,1,0,1,0,0,0,0,0,0,0,0,0,0,1,1,1,1,1,1,1,1,1,1,1,1,1,1,0,0,1,1,0,0,1,0,1,1,1,1,1,1,1,1,1,1,0,0,0,0,0,0,0,0,0,0,0,0,0,0,0,0,1,1,1,0,0,1,0,1,1,1,1,1,1,1,1,0,1,1,0,0,1,0,1,1,1,1,1,1,1,1,1,1,0,0,0,1,1,0,0,1,0,1,1,1,1,1,1,1,0,0,0,0,0,0,0,0,0,0,0,0,0,0,0,1,0,0,0,1,1,0,0,1,1,0,0,1,0,0,0,0,1,1,1,0,0,1,1,0,1,0,0,0,0,0,0,0,1,1,0,0,1,0,1,1,1,1,1,1,1,1,1,0,1,1,1,0,0,1,1,0,1,0,0,0,0,0,0,0,1,1,1,0,1,0,0,0,0,0,0,0,0,0,0,1,0,0,0,1,1,0,0,1,1,0,0,0,1,1,1,0.28125429159990845,-0.00083924620431830022,0.49904631113145648,-0.49950408178835737,-0.49919890135042344,7.6295109483481838e-05,1.0157167925535973,-0.00022888532845044551,-1.0157167925535977,7.6295109483481838e-05,-0.50789654383154037,-1.0157167925535977,0.49797817959868773,7.6295109483481838e-05,0.4993514915693904,-0.49797817959868773,-1.0157167925535977,-0.49797817959868773,-0.46868085755703071,0.49919890135042344,0.28125429159990845,7.5900365675597969,0,0.025773287640412208,0,1
86,1,0,1,1,0,1,0,0,1,0,1,0,0,0,0,0,0,1,1,1,1,1,1,1,1,1,1,1,1,1,1,1,1,0,0,0,1,1,0,0,1,1,0,0,1,0,0,0,0,1,1,1,0,0,1,1,0,0,1,1,0,1,1,1,0,1,1,1,0,0,1,1,0,0,1,1,1,0,0,0,1,0,0,0,0,0,0,0,0,0,0,0,0,0,0,0,1,0,0,1,1,0,1,0,0,0,0,0,0,0,0,0,0,1,1,1,1,1,1,1,1,1,1,1,1,1,1,1,0,1,1,0,0,1,0,1,1,1,1,1,1,1,1,1,1,0,0,0,0,0,0,0,0,0,0,0,0,0,0,0,0,1,1,1,0,0,1,0,1,1,1,1,1,1,1,1,0,1,1,0,0,1,0,1,1,1,1,1,1,1,1,1,1,0,0,0,1,1,0,0,1,0,1,1,1,1,1,1,1,0,0,0,0,0,0,0,0,0,0,0,0,0,0,0,1,0,0,0,1,1,0,0,1,1,0,0,1,0,0,0,0,1,1,1,0,0,1,1,0,1,0,0,0,0,0,0,0,1,1,0,0,1,0,1,1,1,1,1,1,1,1,1,0,1,1,1,0,0,1,1,0,1,0,0,0,0,0,0,0,1,1,1,0,1,0,0,0,0,0,0,0,0,0,0,1,0,0,0,1,1,0,0,1,1,0,0,0,1,1,1,0.70557717250324259,-7.6295109483481838e-05,0.4993514915693904,-0.4993514915693904,-0.49919890135042344,7.6295109483481838e-05,1.0157167925535973,-7.6295109483481838e-05,-1.0157167925535977,7.6295109483481838e-05,-0.50789654383154037,-1.0157167925535977,0.49797817959868773,7.6295109483481838e-05,0.4993514915693904,-0.49797817959868773,-1.0157167925535977,-0.49797817959868773,-0.46868085755703071,0.49919890135042344,0.70557717250324259,6.6503018276804458,0,0.025702920182240435,0,1
87,1,1,1,1,0,0,1,0,0,0,0,0,0,0,0,0,0,1,1,1,1,1,1,1,1,1,1,1,1,1,1,0,1,0,0,0,1,1,0,0,1,1,0,0,1,0,0,1,0,1,1,1,0,0,1,1,0,0,1,1,0,1,1,0,0,1,1,1,0,0,1,1,0,0,1,1,1,0,0,1,1,0,0,0,0,0,0,0,0,0,0,0,0,0,0,0,1,0,0,1,1,0,1,0,0,0,0,0,0,0,0,0,0,1,1,1,1,1,1,1,1,1,1,1,1,1,0,1,0,1,1,0,0,1,0,1,1,1,1,1,1,1,1,1,1,0,0,0,0,0,0,0,0,0,0,0,0,0,0,0,0,1,1,1,0,0,1,0,1,1,1,1,1,1,1,1,0,1,1,0,0,1,0,1,1,1,1,1,1,1,1,1,1,0,0,0,1,1,0,0,1,0,1,1,1,1,1,1,1,0,0,0,0,0,0,0,0,0,0,0,0,0,0,0,1,0,0,0,1,1,0,0,1,1,0,0,1,0,0,0,0,1,1,1,0,0,1,1,0,1,0,0,0,0,0,0,0,1,1,0,0,1,0,1,1,1,1,1,1,1,1,1,0,1,1,1,0,0,1,1,0,1,0,0,0,0,0,0,0,1,1,1,0,1,0,0,0,0,0,0,0,0,0,0,1,0,0,0,1,1,0,0,1,1,0,0,0,1,1,1,0.94532692454413669,-0.00022888532845044551,0.49950408178835737,-0.49950408178835737,-0.49904631113145648,7.6295109483481838e-05,1.0157167925535973,-0.00038147554741740919,-1.0157167925535977,7.6295109483481838e-05,-0.50789654383154037,-1.0157167925535977,0.49797817959868773,7.6295109483481838e-05,0.4993514915693904,-0.49797817959868773,-1.0157167925535977,-0.49797817959868773,-0.46868085755703071,0.49919890135042344,0.94532692454413669,6.2492834183864732,0,0.025571786675095284,0,1
88,0,0,0,0,1,0,0,0,0,0,0,0,0,0,0,0,0,1,1,1,1,1,1,1,1,1,1,1,1,1,1,1,1,0,0,0,1,1,0,0,1,1,0,0,1,0,0,0,0,1,1,1,0,0,1,1,0,0,1,1,0,1,1,1,0,1,1,1,0,0,1,1,0,0,1,1,1,0,0,0,1,0,0,0,0,0,0,0,0,0,0,0,0,0,0,0,1,0,0,1,1,0,1,0,0,0,0,0,0,0,0,0,0,1,1,1,1,1,1,1,1,1,1,1,1,1,1,1,0,1,1,0,0,1,0,1,1,1,1,1,1,1,1,1,1,0,0,0,0,0,0,0,0,0,0,0,0,0,0,0,0,1,1,1,0,0,1,0,1,1,1,1,1,1,1,1,0,1,1,0,0,1,0,1,1,1,1,1,1,1,1,1,1,0,0,0,1,1,0,0,1,0,1,1,1,1,1,1,1,0,0,0,0,0,0,0,0,0,0,0,0,0,0,0,1,0,0,0,1,1,0,0,1,1,0,0,1,0,0,0,0,1,1,1,0,0,1,1,0,1,0,0,0,0,0,0,0,1,1,0,0,1,0,1,1,1,1,1,1,1,1,1,0,1,1,1,0,0,1,1,0,1,0,0,0,0,0,0,0,1,1,1,0,1,0,0,0,0,0,0,0,0,0,0,1,0,0,0,1,1,0,0,1,1,0,0,0,1,1,1,0.031250476844434272,-7.6295109483481838e-05,0.4993514915693904,-0.4993514915693904,-0.49919890135042344,7.6295109483481838e-05,1.0157167925535973,-7.6295109483481838e-05,-1.0157167925535977,7.6295109483481838e-05,-0.50789654383154037,-1.0157167925535977,0.49797817959868773,7.6295109483481838e-05,0.4993514915693904,-0.49797817959868773,-1.0157167925535977,-0.49797817959868773,-0.46868085755703071,0.49919890135042344,0.031250476844434272,8.6616721426046155,0,0.025503297904563606,0,1
89,0,1,0,1,1,1,0,0,0,0,0,0,0,0,0,0,0,1,1,1,1,1,1,1,1,1,1,1,1,1,1,1,1,0,0,0,1,1,0,0,1,1,0,0,1,1,0,1,0,1,1,1,0,0,1,1,0,0,1,1,0,1,1,1,0,1,1,1,0,0,1,1,0,0,1,1,1,0,0,0,1,0,0,0,0,0,0,0,0,0,0,0,0,0,0,0,1,0,0,1,1,0,1,0,0,0,0,0,0,0,0,0,0,1,1,1,1,1,1,1,1,1,1,1,1,1,1,1,0,1,1,0,0,1,0,1,1,1,1,1,1,1,1,1,1,0,0,0,0,0,0,0,0,0,0,0,0,0,0,0,0,1,1,1,0,0,1,0,1,1,1,1,1,1,1,1,0,1,1,0,0,1,0,1,1,1,1,1,1,1,1,1,1,0,0,0,1,1,0,0,1,0,1,1,1,1,1,1,1,0,0,0,0,0,0,0,0,0,0,0,0,0,0,0,1,0,0,0,1,1,0,0,1,1,0,0,1,0,0,0,0,1,1,1,0,0,1,1,0,1,0,0,0,0,0,0,0,1,1,0,0,1,0,1,1,1,1,1,1,1,1,1,0,1,1,1,0,0,1,1,0,1,0,0,0,0,0,0,0,1,1,1,0,1,0,0,0,0,0,0,0,0,0,0,1,0,0,0,1,1,0,0,1,1,0,0,0,1,1,1,0.35938048371099413,-7.6295109483481838e-05,0.50011444266422522,-0.4993514915693904,-0.49919890135042344,7.6295109483481838e-05,1.0157167925535973,-7.6295109483481838e-05,-1.0157167925535977,7.6295109483481838e-05,-0.50789654383154037,-1.0157167925535977,0.49797817959868773,7.6295109483481838e-05,0.4993514915693904,-0.49797817959868773,-1.0157167925535977,-0.49797817959868773,-0.46868085755703071,0.49919890135042344,0.35938048371099413,7.3800933624003937,0,0.025393025505256732,0,1
90,0,1,0,0,1,0,0,0,0,0,0,0,0,0,0,0,0,1,1,1,1,1,1,1,1,1,1,1,1,0,1,0,1,0,0,0,1,1,0,0,1,1,0,0,0,1,1,0,0,1,1,1,0,0,1,1,0,0,1,1,0,1,1,0,0,1,1,1,0,0,1,1,0,0,1,1,1,0,0,0,1,0,0,0,0,0,0,0,0,0,0,0,0,0,0,0,1,0,0,1,1,0,1,0,0,0,0,0,0,0,0,0,0,1,1,1,1,1,1,1,1,1,1,1,1,1,1,0,0,1,1,0,0,1,0,1,1,1,1,1,1,1,1,1,1,0,0,0,0,0,0,0,0,0,0,0,0,0,0,0,0,1,1,1,0,0,1,0,1,1,1,1,1,1,1,1,0,1,1,0,0,1,0,1,1,1,1,1,1,1,1,1,1,0,0,0,1,1,0,0,1,0,1,1,1,1,1,1,1,0,0,0,0,0,0,0,0,0,0,0,0,0,0,0,1,0,0,0,1,1,0,0,1,1,0,0,1,0,0,0,0,1,1,1,0,0,1,1,0,1,0,0,0,0,0,0,0,1,1,0,0,1,0,1,1,1,1,1,1,1,1,1,0,1,1,1,0,0,1,1,0,1,0,0,0,0,0,0,0,1,1,1,0,1,0,0,0,0,0,0,0,0,0,0,1,0,0,0,1,1,0,0,1,1,0,0,0,1,1,1,0.28125429159990845,-0.00083924620431830022,0.49904631113145648,-0.49950408178835737,-0.49919890135042344,7.6295109483481838e-05,1.0157167925535973,-0.00022888532845044551,-1.0157167925535977,7.6295109483481838e-05,-0.50789654383154037,-1.0157167925535977,0.49797817959868773,7.6295109483481838e-05,0.4993514915693904,-0.49797817959868773,-1.0157167925535977,-0.49797817959868773,-0.46868085755703071,0.49919890135042344,0.28125429159990845,7.5900365675597969,0,0.025199517780583592,0,1
91,0,0,0,0,1,1,0,1,0,1,1,1,0,0,0,0,0,1,1,1,1,1,1,1,1,1,1,1,1,0,1,0,1,0,0,0,1,1,0,0,1,1,0,0,1,0,0,1,0,1,1,1,0,0,1,1,0,0,1,1,0,1,1,0,0,1,1,1,0,0,1,1,0,0,1,1,1,0,0,1,1,0,0,0,0,0,0,0,0,0,0,0,0,0,0,1,1,0,0,1,1,0,1,0,0,0,0,0,0,0,0,0,0,1,1,1,1,1,1,1,1,1,1,1,1,1,1,1,0,1,1,0,0,1,0,1,1,1,1,1,1,1,1,1,1,0,0,0,0,0,0,0,0,0,0,0,0,0,0,0,0,1,1,1,0,0,1,0,1,1,1,1,1,1,1,1,0,1,1,0,0,1,0,1,1,1,1,1,1,1,1,1,1,0,0,0,1,1,0,0,1,0,1,1,1,1,1,1,1,0,0,0,0,0,0,0,0,0,0,0,0,0,0,0,1,0,0,0,1,1,0,0,1,1,0,0,1,0,0,0,0,1,1,1,0,0,1,1,0,1,0,0,0,0,0,0,0,1,1,0,0,1,0,1,1,1,1,1,1,1,1,1,0,1,1,1,0,0,1,1,0,1,0,0,0,0,0,0,0,1,1,1,0,1,0,0,0,0,0,0,0,0,0,0,1,0,0,0,1,1,0,0,1,1,0,0,0,1,1,1,0.052491035324635692,-0.00083924620431830022,0.49950408178835737,-0.49950408178835737,-0.49904631113145648,0.00022888532845044551,1.0157167925535973,-7.6295109483481838e-05,-1.0157167925535977,7.6295109483481838e-05,-0.50789654383154037,-1.0157167925535977,0.49797817959868773,7.6295109483481838e-05,0.4993514915693904,-0.49797817959868773,-1.0157167925535977,-0.49797817959868773,-0.46868085755703071,0.49919890135042344,0.052491035324635692,8.5036143969168538,0,0.025179996527984951,0,1
92,0,0,0,0,1,1,1,0,0,0,0,0,0,0,0,0,0,1,1,1,1,1,1,1,1,1,1,1,1,1,1,0,1,0,0,0,1,1,0,0,1,1,0,0,0,1,1,1,0,1,1,1,0,0,1,1,0,0,1,1,0,1,1,1,0,1,1,1,0,0,1,1,0,0,1,1,1,0,0,0,1,0,0,0,0,0,0,0,0,0,0,0,0,0,0,0,1,0,0,1,1,0,1,0,0,0,0,0,0,0,0,0,0,1,1,1,1,1,1,1,1,1,1,1,1,1,1,0,0,1,1,0,0,1,0,1,1,1,1,1,1,1,1,1,1,0,0,0,0,0,0,0,0,0,0,0,0,0,0,0,0,1,1,1,0,0,1,0,1,1,1,1,1,1,1,1,0,1,1,0,0,1,0,1,1,1,1,1,1,1,1,1,1,0,0,0,1,1,0,0,1,0,1,1,1,1,1,1,1,0,0,0,0,0,0,0,0,0,0,0,0,0,0,0,1,0,0,0,1,1,0,0,1,1,0,0,1,0,0,0,0,1,1,1,0,0,1,1,0,1,0,0,0,0,0,0,0,1,1,0,0,1,0,1,1,1,1,1,1,1,1,1,0,1,1,1,0,0,1,1,0,1,0,0,0,0,0,0,0,1,1,1,0,1,0,0,0,0,0,0,0,0,0,0,1,0,0,0,1,1,0,0,1,1,0,0,0,1,1,1,0.054688334477759976,-0.00022888532845044551,0.49919890135042344,-0.4993514915693904,-0.49919890135042344,7.6295109483481838e-05,1.0157167925535973,-0.00022888532845044551,-1.0157167925535977,7.6295109483481838e-05,-0.50789654383154037,-1.0157167925535977,0.49797817959868773,7.6295109483481838e-05,0.4993514915693904,-0.49797817959868773,-1.0157167925535977,-0.49797817959868773,-0.46868085755703071,0.49919890135042344,0.054688334477759976,8.4886609260396728,0,0.025080686612699542,0,1
93,0,1,1,1,0,1,0,0,1,0,0,0,0,0,0,0,0,1,1,1,1,1,1,1,1,1,1,1,1,0,1,0,1,0,0,0,1,1,0,0,1,1,0,0,0,1,1,1,0,1,1,1,0,0,1,1,0,0,1,1,0,1,1,0,0,1,1,1,0,0,1,1,0,0,1,1,1,0,0,0,1,0,0,0,0,0,0,0,0,0,0,0,0,0,0,0,1,0,0,1,1,0,1,0,0,0,0,0,0,0,0,0,0,1,1,1,1,1,1,1,1,1,1,1,1,1,1,1,0,1,1,0,0,1,0,1,1,1,1,1,1,1,1,1,1,0,0,0,0,0,0,0,0,0,0,0,0,0,0,0,0,1,1,1,0,0,1,0,1,1,1,1,1,1,1,1,0,1,1,0,0,1,0,1,1,1,1,1,1,1,1,1,1,0,0,0,1,1,0,0,1,0,1,1,1,1,1,1,1,0,0,0,0,0,0,0,0,0,0,0,0,0,0,0,1,0,0,0,1,1,0,0,1,1,0,0,1,0,1,0,0,1,1,1,0,0,1,1,0,1,0,0,0,0,0,0,0,1,1,0,0,1,0,1,1,1,1,1,1,1,1,1,0,1,1,1,0,0,1,1,0,1,0,0,0,0,0,0,0,1,1,1,0,1,0,0,0,0,0,0,0,0,0,0,1,0,0,0,1,1,0,0,1,1,0,0,0,1,1,1,0.45508506904707408,-0.00083924620431830022,0.49919890135042344,-0.49950408178835737,-0.49919890135042344,7.6295109483481838e-05,1.0157167925535973,-7.6295109483481838e-05,-1.0157167925535977,7.6295109483481838e-05,-0.50789654383154037,-1.0157167925535977,0.49797817959868773,7.6295109483481838e-05,0.49965667200732433,-0.49797817959868773,-1.0157167925535977,-0.49797817959868773,-0.46868085755703071,0.49919890135042344,0.45508506904707408,7.1524660213640017,0,0.025002870906012969,0,1
94,0,1,1,1,0,0,0,1,0,1,0,0,0,0,1,0,0,1,1,1,1,1,1,1,1,1,1,1,1,0,1,0,1,0,0,0,1,1,0,0,1,1,0,0,0,1,1,0,0,1,1,1,0,0,1,1,0,0,1,1,0,1,0,1,0,1,1,1,0,0,1,1,0,0,1,1,1,0,0,0,1,0,0,0,0,0,0,0,0,0,0,0,0,0,1,0,1,0,0,1,1,0,1,0,0,0,0,0,0,0,0,0,0,1,1,1,1,1,1,1,1,1,1,1,1,0,1,1,0,1,1,0,0,1,0,1,1,1,1,1,1,1,1,1,1,0,0,0,0,0,0,0,0,0,0,0,0,0,0,0,0,1,1,1,0,0,1,0,1,1,1,1,1,0,1,1,0,1,1,0,0,1,0,1,1,1,1,1,1,1,1,1,1,0,0,0,1,1,0,0,1,0,1,1,1,1,1,1,1,0,0,0,0,0,0,0,0,0,0,0,0,0,0,0,1,0,0,0,1,1,0,0,1,1,0,0,1,0,0,0,0,1,1,1,0,0,1,1,0,1,0,0,0,0,0,0,0,1,1,0,0,1,0,1,1,1,1,1,1,1,1,1,0,1,1,1,0,0,1,1,0,1,0,0,0,0,0,0,0,1,1,1,0,1,0,0,0,0,0,0,0,0,0,0,1,0,0,0,1,1,0,0,1,1,0,0,0,1,1,1,0.44242008087281604,-0.00083924620431830022,0.49904631113145648,-0.49965667200732433,-0.49919890135042344,0.00038147554741740919,1.0157167925535973,-0.00068665598535133654,-1.0157167925535977,7.6295109483481838e-05,-0.50850690470740822,-1.0157167925535977,0.49797817959868773,7.6295109483481838e-05,0.4993514915693904,-0.49797817959868773,-1.0157167925535977,-0.49797817959868773,-0.46868085755703071,0.49919890135042344,0.44242008087281604,7.1891810376480123,0,0.024874988232801702,0,1
95,0,0,0,1,1,0,1,0,0,1,0,0,0,0,0,0,0,1,1,1,1,1,1,1,1,1,1,1,1,1,1,0,1,0,0,0,1,1,0,0,1,1,0,0,1,0,1,0,0,1,1,1,0,0,1,1,0,0,1,1,0,1,1,0,0,1,1,1,0,0,1,1,0,0,1,1,1,0,0,0,1,0,0,0,0,0,0,0,0,0,0,0,0,0,0,1,1,0,0,1,1,0,1,0,0,0,0,0,0,0,0,0,0,1,1,1,1,1,1,1,1,1,1,1,1,1,0,1,0,1,1,0,0,1,0,1,1,1,1,1,1,1,1,1,1,0,0,0,0,0,0,0,0,0,0,0,0,0,0,0,0,1,1,1,0,0,1,0,1,1,1,1,1,1,1,1,0,1,1,0,0,1,0,1,1,1,1,1,1,1,1,1,1,0,0,0,1,1,0,0,1,0,1,1,1,1,1,1,1,0,0,0,0,0,0,0,0,0,0,0,0,0,0,0,1,0,0,0,1,1,0,0,1,1,0,0,1,0,0,0,0,1,1,1,0,0,1,1,0,1,0,0,0,0,0,0,0,1,1,0,0,1,0,1,1,1,1,1,1,1,1,1,0,1,1,1,0,0,1,1,0,1,0,0,0,0,0,0,0,1,1,1,0,1,0,0,0,0,0,0,0,0,0,0,1,0,0,0,1,1,0,0,1,1,0,0,0,1,1,1,0.10254062714579995,-0.00022888532845044551,0.49965667200732433,-0.49950408178835737,-0.49919890135042344,0.00022888532845044551,1.0157167925535973,-0.00038147554741740919,-1.0157167925535977,7.6295109483481838e-05,-0.50789654383154037,-1.0157167925535977,0.49797817959868773,7.6295109483481838e-05,0.4993514915693904,-0.49797817959868773,-1.0157167925535977,-0.49797817959868773,-0.46868085755703071,0.49919890135042344,0.10254062714579995,8.2268946936791103,0,0.024429981986344614,0,1
96,1,1,0,0,1,1,1,1,0,0,1,1,0,0,0,0,0,1,1,1,1,1,1,1,1,1,1,1,1,1,1,0,1,0,0,0,1,1,0,0,1,1,0,0,1,0,0,0,0,1,1,1,0,0,1,1,0,0,1,1,0,1,1,1,0,1,1,1,0,0,1,1,0,0,1,1,1,0,0,0,1,0,0,0,0,0,0,0,0,0,0,0,0,0,0,0,1,0,0,1,1,0,1,0,0,0,0,0,0,0,0,0,0,1,1,1,1,1,1,1,1,1,1,1,1,1,1,0,0,1,1,0,0,1,0,1,1,1,1,1,1,1,1,1,1,0,0,0,0,0,0,0,0,0,0,0,0,0,0,0,0,1,1,1,0,0,1,0,1,1,1,1,1,1,1,1,0,1,1,0,0,1,0,1,1,1,1,1,1,1,1,1,1,0,0,0,1,1,0,0,1,0,1,1,1,1,1,1,1,0,0,0,0,0,0,0,0,0,0,0,0,0,0,0,1,0,0,0,1,1,0,0,1,1,0,0,1,0,0,0,0,1,1,1,0,0,1,1,0,1,0,0,0,0,0,0,0,1,1,0,0,1,0,1,1,1,1,1,1,1,1,1,0,1,1,1,0,0,1,1,0,1,0,0,0,0,0,0,0,1,1,1,0,1,0,0,0,0,0,0,0,0,0,0,1,0,0,0,1,1,0,0,1,1,0,0,0,1,1,1,0.80933852140077822,-0.00022888532845044551,0.4993514915693904,-0.4993514915693904,-0.49919890135042344,7.6295109483481838e-05,1.0157167925535973,-0.00022888532845044551,-1.0157167925535977,7.6295109483481838e-05,-0.50789654383154037,-1.0157167925535977,0.49797817959868773,7.6295109483481838e-05,0.4993514915693904,-0.49797817959868773,-1.0157167925535977,-0.49797817959868773,-0.46868085755703071,0.49919890135042344,0.80933852140077822,6.4694707945321657,0,0.024383979749930999,0,1
97,1,1,0,1,0,0,1,0,0,0,0,0,0,0,0,0,0,1,1,1,1,1,1,1,1,1,1,1,1,1,1,1,1,0,0,0,1,1,0,0,1,1,0,0,1,0,0,0,0,1,1,1,0,0,1,1,0,0,1,1,1,1,1,0,0,1,1,1,0,0,1,1,0,0,1,1,1,0,0,1,1,0,0,0,0,0,0,0,0,0,0,0,0,0,0,1,1,0,0,1,1,0,1,0,0,0,0,0,0,0,0,0,0,1,1,1,1,1,1,1,1,1,1,1,1,1,1,0,0,1,1,0,0,1,0,1,1,1,1,1,1,1,1,1,1,0,0,0,0,0,0,0,0,0,0,0,0,0,1,0,0,1,1,1,0,0,1,0,1,1,1,1,1,1,1,1,0,1,1,0,0,1,0,1,1,1,1,1,1,1,1,1,1,0,0,0,1,1,0,0,1,0,1,1,1,1,1,1,1,0,0,0,0,0,0,0,0,0,0,0,0,0,0,0,1,0,0,0,1,1,0,0,1,1,0,0,1,0,0,0,0,1,1,1,0,0,1,1,0,1,0,0,0,0,0,0,0,1,1,0,0,1,0,1,1,1,1,1,1,1,1,1,0,1,1,1,0,0,1,1,0,1,0,0,0,0,0,0,0,1,1,1,0,1,0,0,0,0,0,0,0,0,0,0,1,0,0,0,1,1,0,0,1,1,0,0,0,1,1,1,0.82032501716639961,-7.6295109483481838e-05,0.4993514915693904,-0.49828336003662166,-0.49904631113145648,0.00022888532845044551,1.0157167925535973,-0.00022888532845044551,-1.0157167925535977,0.00038147554741740919,-0.50789654383154037,-1.0157167925535977,0.49797817959868773,7.6295109483481838e-05,0.4993514915693904,-0.49797817959868773,-1.0157167925535977,-0.49797817959868773,-0.46868085755703071,0.49919890135042344,0.82032501716639961,6.4519491226621151,0,0.024139179154286976,0,1
98,1,1,1,0,0,1,1,0,0,0,0,0,1,0,0,0,0,1,1,1,1,1,1,1,1,1,1,1,1,1,1,1,1,0,0,0,1,1,0,0,1,1,0,0,1,0,1,0,0,1,1,1,0,0,1,1,0,0,1,1,0,1,1,1,0,1,1,1,0,0,1,1,0,0,1,1,1,0,0,0,1,0,0,0,0,0,0,0,0,0,0,0,0,0,0,0,1,0,0,1,1,0,1,0,0,0,0,0,0,0,0,0,0,1,1,1,1,1,1,1,1,1,1,1,1,1,1,0,0,1,1,0,0,1,0,1,1,1,1,1,1,1,1,1,1,0,0,0,0,0,0,0,0,0,0,0,0,0,0,0,0,1,1,1,0,0,1,0,1,1,1,1,1,1,1,1,0,1,1,0,0,1,0,1,1,1,1,1,1,1,1,1,1,0,0,0,1,1,0,0,1,0,1,1,1,1,1,1,1,0,0,0,0,0,0,0,0,0,0,0,0,0,0,0,1,0,0,0,1,1,0,0,1,1,0,0,1,0,0,0,0,1,1,1,0,0,1,1,0,1,0,0,0,0,0,0,0,1,1,0,0,1,0,1,1,1,1,1,1,1,1,1,0,1,1,1,0,0,1,1,0,1,0,0,0,0,0,0,0,1,1,1,0,1,0,0,0,0,0,0,0,0,0,0,1,0,0,0,1,1,0,0,1,1,0,0,0,1,1,1,0.89857328145265891,-7.6295109483481838e-05,0.49965667200732433,-0.4993514915693904,-0.49919890135042344,7.6295109483481838e-05,1.0157167925535973,-0.00022888532845044551,-1.0157167925535977,7.6295109483481838e-05,-0.50789654383154037,-1.0157167925535977,0.49797817959868773,7.6295109483481838e-05,0.4993514915693904,-0.49797817959868773,-1.0157167925535977,-0.49797817959868773,-0.46868085755703071,0.49919890135042344,0.89857328145265891,6.3230152768571743,0,0.024135572479854879,0,1
99,0,0,0,0,1,1,1,1,0,1,1,1,1,1,0,0,0,1,1,1,1,1,1,1,1,1,1,1,1,1,1,1,1,0,0,0,1,1,0,0,1,1,0,0,1,0,0,0,0,1,1,1,0,0,1,1,0,0,1,1,0,1,1,1,0,1,1,1,0,0,1,1,0,0,1,1,1,0,0,0,1,0,0,0,0,0,0,0,0,0,0,0,0,0,0,0,1,0,0,1,1,0,1,0,0,0,0,0,0,0,0,0,0,1,1,1,1,1,1,1,1,1,1,1,1,1,1,1,0,1,1,0,0,1,0,1,1,1,1,1,1,1,1,1,1,0,0,0,0,0,0,0,0,0,0,0,0,0,0,0,0,1,1,1,0,0,1,0,1,1,1,1,1,1,1,1,0,1,1,0,0,1,0,1,1,1,1,1,1,1,1,1,1,0,0,0,1,1,0,0,1,0,1,1,1,1,1,1,1,0,0,0,0,0,0,0,0,0,0,0,0,0,0,0,1,0,0,0,1,1,0,0,1,1,0,0,1,0,0,0,0,1,1,1,0,0,1,1,0,1,0,0,0,0,0,0,0,1,1,0,0,1,0,1,1,1,1,1,1,1,1,1,0,1,1,1,0,0,1,1,0,1,0,0,0,0,0,0,0,1,1,1,0,1,0,0,0,0,0,0,0,0,0,0,1,0,0,0,1,1,0,0,1,1,0,0,0,1,1,1,0.060486762798504616,-7.6295109483481838e-05,0.4993514915693904,-0.4993514915693904,-0.49919890135042344,7.6295109483481838e-05,1.0157167925535973,-7.6295109483481838e-05,-1.0157167925535977,7.6295109483481838e-05,-0.50789654383154037,-1.0157167925535977,0.49797817959868773,7.6295109483481838e-05,0.4993514915693904,-0.49797817959868773,-1.0157167925535977,-0.49797817959868773,-0.46868085755703071,0.49919890135042344,0.060486762798504616,8.4519168777807145,0,0.024005975453788166,0,1
100,1,1,1,0,0,0,1,0,0,1,0,1,0,0,0,0,0,1,1,1,1,1,1,1,1,1,1,1,1,1,1,1,1,0,0,0,1,1,0,0,1,1,0,0,0,1,1,1,0,1,1,1,0,0,1,1,0,0,1,1,0,1,1,0,0,1,1,1,0,0,1,1,0,0,1,1,1,0,0,0,1,0,0,0,0,0,0,0,0,0,0,0,0,0,1,0,1,0,0,1,1,0,1,0,0,0,0,0,0,0,0,0,0,1,1,1,1,1,1,1,1,1,1,1,1,1,1,1,0,1,1,0,0,1,0,1,1,1,1,1,1,1,1,1,1,0,0,0,0,0,0,0,0,0,0,0,0,0,0,0,0,1,1,1,0,0,1,0,1,1,1,1,1,1,1,1,0,1,1,0,0,1,0,1,1,1,1,1,1,1,1,1,1,0,0,0,1,1,0,0,1,0,1,1,1,1,1,1,1,0,0,0,0,0,0,0,0,0,0,0,0,0,0,0,1,0,0,0,1,1,0,0,1,1,0,0,1,0,0,0,0,1,1,1,0,0,1,1,0,1,0,0,0,0,0,0,0,1,1,0,0,1,0,1,1,1,1,1,1,1,1,1,0,1,1,1,0,0,1,1,0,1,0,0,0,0,0,0,0,1,1,1,0,1,0,0,0,0,0,0,0,0,0,0,1,0,0,0,1,1,0,0,1,1,0,0,0,1,1,1,0.88404669260700386,-7.6295109483481838e-05,0.49919890135042344,-0.49950408178835737,-0.49919890135042344,0.00038147554741740919,1.0157167925535973,-7.6295109483481838e-05,-1.0157167925535977,7.6295109483481838e-05,-0.50789654383154037,-1.0157167925535977,0.49797817959868773,7.6295109483481838e-05,0.4993514915693904,-0.49797817959868773,-1.0157167925535977,-0.49797817959868773,-0.46868085755703071,0.49919890135042344,0.88404669260700386,6.3463857527161398,0,0.023700668355731442,0,1
101,1,1,0,0,0,1,1,0,0,0,0,0,0,0,0,0,0,1,1,1,1,1,1,1,1,1,1,1,1,1,1,0,1,0,0,0,1,1,0,0,1,1,0,0,1,0,0,0,0,1,1,1,0,0,1,1,0,0,1,1,0,1,1,1,0,1,1,1,0,0,1,1,0,0,1,1,1,0,0,0,1,0,0,0,0,0,0,0,0,0,0,0,0,0,0,0,1,0,0,1,1,0,1,0,0,0,0,0,0,0,0,0,0,1,1,1,1,1,1,1,1,1,1,1,1,1,1,1,0,1,1,0,0,1,0,1,1,1,1,1,1,1,1,1,1,0,0,0,0,0,0,0,0,0,0,0,0,0,0,0,0,1,1,1,0,0,1,0,1,1,1,1,1,1,1,1,0,1,1,0,0,1,0,1,1,1,1,1,1,1,1,1,1,0,0,0,1,1,0,0,1,0,1,1,1,1,1,1,1,0,0,0,0,0,0,0,0,0,0,0,0,0,0,0,1,0,0,0,1,1,0,0,1,1,0,0,1,0,0,0,0,1,1,1,0,0,1,1,0,1,0,0,0,0,0,0,0,1,1,0,0,1,0,1,1,1,1,1,1,1,1,1,0,1,1,1,0,0,1,1,0,1,0,0,0,0,0,1,0,1,1,1,0,1,0,0,0,0,0,0,0,0,0,0,1,0,0,0,1,1,0,0,1,1,0,0,0,1,1,1,0.77344930189974825,-0.00022888532845044551,0.4993514915693904,-0.4993514915693904,-0.49919890135042344,7.6295109483481838e-05,1.0157167925535973,-7.6295109483481838e-05,-1.0157167925535977,7.6295109483481838e-05,-0.50789654383154037,-1.0157167925535977,0.49797817959868773,7.6295109483481838e-05,0.4993514915693904,-0.49797817959868773,-1.0157167925535977,-0.49782558937972077,-0.46868085755703071,0.49919890135042344,0.77344930189974825,6.5309215946066628,0,0.023531359650289289,0,1
102,1,0,1,1,1,1,1,1,0,1,1,0,0,1,1,0,0,1,1,1,1,1,1,1,1,1,1,1,1,1,1,0,1,0,0,0,1,1,0,0,1,1,0,0,0,1,1,1,0,1,1,1,0,0,1,1,0,0,1,1,0,1,1,0,0,1,1,1,0,0,1,1,0,0,1,1,1,0,0,0,1,0,0,0,0,0,0,0,0,0,0,0,0,0,0,0,1,0,0,1,1,0,1,0,0,0,0,0,0,0,0,0,0,1,1,1,1,1,1,1,1,1,1,1,1,1,1,0,0,1,1,0,0,1,0,1,1,1,1,1,1,1,1,1,1,0,0,0,0,0,0,0,0,0,0,0,0,0,0,0,0,1,1,1,0,0,1,0,1,1,1,1,1,1,1,1,0,1,1,0,0,1,0,1,1,1,1,1,1,1,1,1,1,0,0,0,1,1,0,0,1,0,1,1,1,1,1,1,1,0,0,0,0,0,0,0,0,0,0,0,0,0,0,0,1,0,0,0,1,1,0,0,1,1,0,0,1,0,0,0,0,1,1,1,0,0,1,1,0,1,0,0,0,0,0,0,0,1,1,0,0,1,0,1,1,1,1,1,1,1,1,1,0,1,1,1,0,0,1,1,0,1,0,0,0,0,0,0,0,1,1,1,0,1,0,0,0,0,0,0,0,0,0,0,1,0,0,0,1,1,0,0,1,1,0,0,0,1,1,1,0.74766155489433128,-0.00022888532845044551,0.49919890135042344,-0.49950408178835737,-0.49919890135042344,7.6295109483481838e-05,1.0157167925535973,-0.00022888532845044551,-1.0157167925535977,7.6295109483481838e-05,-0.50789654383154037,-1.0157167925535977,0.49797817959868773,7.6295109483481838e-05,0.4993514915693904,-0.49797817959868773,-1.0157167925535977,-0.49797817959868773,-0.46868085755703071,0.49919890135042344,0.74766155489433128,6.5755235571790696,0,0.023277977058759211,0,1
103,0,0,0,1,0,0,0,0,0,0,0,0,0,0,0,0,0,1,1,1,1,1,1,1,1,1,1,1,1,1,1,0,1,0,0,0,1,1,0,0,1,1,0,0,1,0,0,1,0,1,1,1,0,0,1,1,0,0,1,1,0,1,1,0,0,1,1,1,0,0,1,1,0,0,1,1,1,0,0,0,1,0,0,0,0,0,0,0,0,0,0,0,0,0,0,0,1,0,0,1,1,0,1,0,0,0,0,0,0,0,0,0,0,1,1,1,1,1,1,1,1,1,1,1,1,1,1,1,0,1,1,0,0,1,0,1,1,1,1,1,1,1,1,1,1,0,0,0,0,0,0,0,0,0,0,0,0,0,0,0,0,1,1,1,0,0,1,0,1,1,1,1,1,1,1,1,0,1,1,0,0,1,0,1,1,1,1,1,1,1,1,1,1,0,0,0,1,1,0,0,1,0,1,1,1,1,1,1,1,0,0,0,0,0,0,0,0,0,0,0,0,0,0,0,1,0,0,0,1,1,0,0,1,1,0,0,1,0,0,0,0,1,1,1,0,0,1,1,0,1,0,0,0,0,0,0,0,1,1,0,0,1,0,1,1,1,1,1,1,1,1,1,0,1,1,1,0,0,1,1,0,1,0,0,0,0,0,0,0,1,1,1,0,1,0,0,0,0,0,0,0,0,0,0,1,0,0,0,1,1,0,0,1,1,0,0,0,1,1,1,0.062500953688868544,-0.00022888532845044551,0.49950408178835737,-0.49950408178835737,-0.49919890135042344,7.6295109483481838e-05,1.0157167925535973,-7.6295109483481838e-05,-1.0157167925535977,7.6295109483481838e-05,-0.50789654383154037,-1.0157167925535977,0.49797817959868773,7.6295109483481838e-05,0.4993514915693904,-0.49797817959868773,-1.0157167925535977,-0.49797817959868773,-0.46868085755703071,0.49919890135042344,0.062500953688868544,8.4396628665264259,0,0.023241841283519728,0,1
104,0,0,0,0,0,0,0,0,0,0,1,1,0,0,0,0,0,1,1,1,1,1,1,1,1,1,1,1,1,1,1,1,1,0,0,0,1,1,0,0,1,1,0,0,0,1,1,1,0,1,1,1,0,0,1,1,0,0,1,1,0,1,1,1,0,1,1,1,0,0,1,1,0,0,1,1,1,0,0,0,1,0,0,0,0,0,0,0,0,0,0,0,0,0,0,0,1,0,0,1,1,0,1,0,0,0,0,0,0,0,0,0,0,1,1,1,1,1,1,1,1,1,1,1,1,1,1,0,0,1,1,0,0,1,0,1,1,1,1,1,1,1,1,1,1,0,0,0,0,0,0,0,0,0,0,0,0,0,0,0,0,1,1,1,0,0,1,0,1,1,1,1,1,1,1,1,0,1,1,0,0,1,0,1,1,1,1,1,1,1,1,1,1,0,0,0,1,1,0,0,1,0,1,1,1,1,1,1,1,0,0,0,0,0,0,0,0,0,0,0,0,0,0,0,1,0,0,0,1,1,0,0,1,1,0,0,1,0,0,0,0,1,1,1,0,0,1,1,0,1,0,0,0,0,0,0,0,1,1,0,0,1,0,1,1,1,1,1,1,1,1,1,0,1,1,1,0,0,1,1,0,1,0,0,0,0,0,0,0,1,1,1,0,1,0,0,0,0,0,0,0,0,0,0,1,0,0,0,1,1,0,0,1,1,0,0,0,1,1,1,0.00073243305104142824,-7.6295109483481838e-05,0.49919890135042344,-0.4993514915693904,-0.49919890135042344,7.6295109483481838e-05,1.0157167925535973,-0.00022888532845044551,-1.0157167925535977,7.6295109483481838e-05,-0.50789654383154037,-1.0157167925535977,0.49797817959868773,7.6295109483481838e-05,0.4993514915693904,-0.49797817959868773,-1.0157167925535977,-0.49797817959868773,-0.46868085755703071,0.49919890135042344,0.00073243305104142824,9.1157834282442849,0,0.022963726429878543,0,1
105,0,0,1,1,0,0,1,0,0,0,0,0,0,0,0,0,0,1,1,1,1,1,1,1,1,1,1,1,1,1,1,1,1,0,0,0,1,1,0,0,1,1,0,0,1,0,0,0,0,1,1,1,0,0,1,1,0,0,1,1,0,1,1,1,0,1,1,1,0,0,1,1,0,0,1,1,1,0,0,0,1,0,0,0,0,0,0,0,0,0,0,0,0,0,0,0,1,0,0,1,1,0,1,0,0,0,0,0,0,0,0,0,0,1,1,1,1,1,1,1,1,1,1,1,1,1,1,1,0,1,1,0,0,1,0,1,1,1,1,1,1,1,1,1,1,0,0,0,0,0,0,0,0,0,0,0,0,0,0,0,0,1,1,1,0,0,1,0,1,1,1,1,1,1,1,1,0,1,1,0,0,1,0,1,1,1,1,1,1,1,1,1,1,0,0,0,1,1,0,0,1,0,1,1,1,1,1,1,1,0,0,0,0,0,0,0,0,0,0,0,0,0,0,0,1,0,0,0,1,1,0,0,1,1,0,0,1,0,0,0,0,1,1,1,0,0,1,1,0,1,0,0,0,0,0,0,0,1,1,0,0,1,0,1,1,1,1,1,1,1,1,1,0,1,1,1,0,0,1,1,0,1,0,0,0,0,0,0,0,1,1,1,0,1,0,0,0,0,0,0,0,0,0,0,1,0,0,0,1,1,0,0,1,1,0,0,0,1,1,1,0.1953154802777142,-7.6295109483481838e-05,0.4993514915693904,-0.4993514915693904,-0.49919890135042344,7.6295109483481838e-05,1.0157167925535973,-7.6295109483481838e-05,-1.0157167925535977,7.6295109483481838e-05,-0.50789654383154037,-1.0157167925535977,0.49797817959868773,7.6295109483481838e-05,0.4993514915693904,-0.49797817959868773,-1.0157167925535977,-0.49797817959868773,-0.46868085755703071,0.49919890135042344,0.1953154802777142,7.857476672901341,0,0.022551815511962822,0,1
106,0,0,1,1,1,1,0,0,0,1,0,0,0,0,0,0,0,1,1,1,1,1,1,1,1,1,1,1,1,0,1,1,1,0,0,0,1,1,0,0,1,1,0,0,0,1,1,1,0,1,1,1,0,0,1,1,0,0,1,1,0,1,1,0,0,1,1,1,0,0,1,1,0,0,1,1,1,0,0,0,1,0,0,0,0,0,0,0,0,0,0,0,0,0,0,0,1,0,0,1,1,0,1,0,0,0,0,0,0,0,0,0,0,1,1,1,1,1,1,1,1,1,1,1,1,1,1,1,0,1,1,0,0,1,0,1,1,1,1,1,1,1,1,1,1,0,0,0,0,0,0,0,0,0,0,0,0,0,0,0,0,1,1,1,0,0,1,0,1,1,1,1,1,1,1,1,0,1,1,0,0,1,0,1,1,1,1,1,1,1,1,1,1,0,0,0,1,1,0,0,1,0,1,1,1,1,1,1,1,0,0,0,0,0,0,0,0,0,0,0,0,0,0,0,1,0,0,0,1,1,0,0,1,1,0,0,1,0,0,0,0,1,1,1,0,0,1,1,0,1,0,0,0,0,0,0,0,1,1,0,0,1,0,1,1,1,1,1,1,1,1,1,0,1,1,1,0,0,1,1,0,1,0,0,0,0,0,0,0,1,1,1,0,1,0,0,0,0,0,0,0,0,0,0,1,0,0,0,1,1,0,0,1,1,0,0,0,1,1,1,0.23535515373464561,-0.00068665598535133654,0.49919890135042344,-0.49950408178835737,-0.49919890135042344,7.6295109483481838e-05,1.0157167925535973,-7.6295109483481838e-05,-1.0157167925535977,7.6295109483481838e-05,-0.50789654383154037,-1.0157167925535977,0.49797817959868773,7.6295109483481838e-05,0.4993514915693904,-0.49797817959868773,-1.0157167925535977,-0.49797817959868773,-0.46868085755703071,0.49919890135042344,0.23535515373464561,7.7268660136532157,0,0.022503377966166218,0,1
107,1,0,0,0,0,0,1,0,0,0,1,0,0,0,0,0,0,1,1,1,1,1,1,1,1,1,1,1,1,1,1,0,1,0,0,0,1,1,0,0,1,1,0,0,1,0,0,0,0,1,1,1,0,0,1,1,0,0,1,1,0,1,1,0,0,1,1,1,0,0,1,1,0,0,1,1,1,0,0,0,1,0,0,0,0,0,0,0,0,0,0,0,0,0,1,0,1,0,0,1,1,0,1,0,0,0,0,0,0,0,0,0,0,1,1,1,1,1,1,1,1,1,1,1,1,0,1,1,0,1,1,0,0,1,0,1,1,1,1,1,1,1,1,1,1,0,0,0,0,0,0,0,0,0,0,0,0,0,0,0,0,1,1,1,0,0,1,0,1,1,1,1,1,1,1,1,0,1,1,0,0,1,0,1,1,1,1,1,1,1,1,1,1,0,0,0,1,1,0,0,1,0,1,1,1,1,1,1,1,0,0,0,0,0,0,0,0,0,0,0,0,0,0,0,1,0,0,0,1,1,0,0,1,1,0,0,1,0,0,0,0,1,1,1,0,0,1,1,0,1,0,0,0,0,0,0,0,1,1,0,0,1,0,1,1,1,1,1,1,1,1,1,0,1,1,1,0,0,1,1,0,1,0,0,0,0,0,0,0,1,1,1,0,1,0,0,0,0,0,0,0,0,0,0,1,0,0,0,1,1,0,0,1,1,0,0,0,1,1,1,0.50830853742275117,-0.00022888532845044551,0.4993514915693904,-0.49950408178835737,-0.49919890135042344,0.00038147554741740919,1.0157167925535973,-0.00068665598535133654,-1.0157167925535977,7.6295109483481838e-05,-0.50789654383154037,-1.0157167925535977,0.49797817959868773,7.6295109483481838e-05,0.4993514915693904,-0.49797817959868773,-1.0157167925535977,-0.49797817959868773,-0.46868085755703071,0.49919890135042344,0.50830853742275117,7.0360209280256347,0,0.022382384681072461,0,1
108,1,1,1,0,0,1,1,0,0,0,0,0,0,0,0,0,0,1,1,1,1,1,1,1,1,1,1,0,1,0,1,1,1,0,0,0,1,1,0,0,1,1,0,0,1,1,0,1,0,1,1,1,0,0,1,1,0,0,1,1,0,1,1,1,0,1,1,1,0,0,1,1,0,0,1,1,1,0,0,0,1,0,0,0,0,0,0,0,0,0,0,0,0,0,0,0,1,0,0,1,1,0,1,0,0,0,0,0,0,0,0,0,0,1,1,1,1,1,1,1,1,1,1,1,1,1,1,1,0,1,1,0,0,1,0,1,1,1,1,1,1,1,1,1,1,0,0,0,0,0,0,0,0,0,0,0,0,0,0,0,0,1,1,1,0,0,1,0,1,1,1,1,1,1,1,1,0,1,1,0,0,1,0,1,1,1,1,1,1,1,1,1,1,0,0,0,1,1,0,0,1,0,1,1,1,1,1,1,1,0,0,0,0,0,0,0,0,0,0,0,0,0,0,0,1,0,0,0,1,1,0,0,1,1,0,0,1,0,0,0,0,1,1,1,0,0,1,1,0,1,0,0,0,0,0,0,0,1,1,0,0,1,0,1,1,1,1,1,1,1,1,1,0,1,1,1,0,0,1,1,0,1,0,0,0,0,0,0,0,1,1,1,0,1,0,0,0,0,0,0,0,0,0,0,1,0,0,0,1,1,0,0,1,1,0,0,0,1,1,1,0.89845120927748534,-0.0031280994888227553,0.50011444266422522,-0.4993514915693904,-0.49919890135042344,7.6295109483481838e-05,1.0157167925535973,-7.6295109483481838e-05,-1.0157167925535977,7.6295109483481838e-05,-0.50789654383154037,-1.0157167925535977,0.49797817959868773,7.6295109483481838e-05,0.4993514915693904,-0.49797817959868773,-1.0157167925535977,-0.49797817959868773,-0.46868085755703071,0.49919890135042344,0.89845120927748534,6.3300182646883698,0,0.02227390953455733,0,1
109,0,0,0,0,0,0,1,0,0,0,1,0,0,0,0,0,0,1,1,1,1,1,1,1,1,1,1,1,1,1,1,0,1,0,0,0,1,1,0,0,1,1,0,0,1,0,0,0,0,1,1,1,0,0,1,1,0,0,1,1,0,1,1,0,0,1,1,1,0,0,1,1,0,0,1,1,1,0,0,0,1,0,0,0,0,0,0,0,0,0,0,0,0,0,0,0,1,0,0,1,1,0,1,0,0,0,0,0,0,0,0,0,0,1,1,1,1,1,1,1,1,1,1,1,1,0,1,1,0,1,1,0,0,1,0,1,1,1,1,1,1,1,1,1,1,0,0,0,0,0,0,0,0,0,0,0,0,0,0,0,0,1,1,1,0,0,1,0,1,1,1,1,1,1,1,1,0,1,1,0,0,1,0,1,1,1,1,1,1,1,1,1,1,0,0,0,1,1,0,0,1,0,1,1,1,1,1,1,1,0,0,0,0,0,0,0,0,0,0,0,0,0,0,0,1,0,0,0,1,1,0,0,1,1,0,0,1,0,0,0,0,1,1,1,0,0,1,1,0,1,0,0,0,0,0,0,0,1,1,0,0,1,0,1,1,1,1,1,1,1,1,1,0,1,1,1,0,0,1,1,0,1,0,0,0,0,0,0,0,1,1,1,0,1,0,0,0,0,0,0,0,0,0,0,1,0,0,0,1,1,0,0,1,1,0,0,0,1,1,1,0.0083009079118028534,-0.00022888532845044551,0.4993514915693904,-0.49950408178835737,-0.49919890135042344,7.6295109483481838e-05,1.0157167925535973,-0.00068665598535133654,-1.0157167925535977,7.6295109483481838e-05,-0.50789654383154037,-1.0157167925535977,0.49797817959868773,7.6295109483481838e-05,0.4993514915693904,-0.49797817959868773,-1.0157167925535977,-0.49797817959868773,-0.46868085755703071,0.49919890135042344,0.0083009079118028534,8.921900412517882,0,0.022118796121594658,0,1
110,0,0,0,0,1,0,0,0,0,0,0,0,0,0,0,0,0,1,1,1,1,1,1,1,1,1,1,1,1,1,1,1,1,0,0,0,1,1,0,0,1,1,0,0,1,0,0,0,0,1,1,1,0,0,1,1,0,0,1,1,0,1,1,1,0,1,1,1,0,0,1,1,0,0,1,1,1,0,0,0,1,0,0,0,0,0,0,0,0,0,0,0,0,0,0,0,1,0,0,1,1,0,1,0,0,0,0,0,0,0,0,0,0,1,1,1,1,1,1,1,1,1,1,1,1,1,1,1,0,1,1,0,0,1,0,1,1,1,1,1,1,1,1,1,1,0,0,0,0,0,0,0,0,0,0,0,0,0,0,0,0,1,1,1,0,0,1,0,1,1,1,1,1,1,1,1,0,1,1,0,0,1,0,1,1,1,1,1,1,1,1,1,1,0,0,0,1,1,0,0,1,0,1,1,1,1,1,1,1,0,0,0,0,0,0,0,0,0,0,0,0,0,0,0,1,0,0,0,1,1,0,0,1,1,0,0,1,0,0,0,0,1,1,1,0,0,1,1,0,1,0,0,0,0,0,0,0,1,1,0,0,1,0,1,1,1,1,1,1,1,1,1,0,1,1,1,0,0,1,1,0,1,0,0,0,0,0,0,0,1,1,1,0,1,0,0,0,0,0,0,0,0,0,0,1,0,0,0,1,1,0,0,1,1,0,0,0,1,1,1,0.031250476844434272,-7.6295109483481838e-05,0.4993514915693904,-0.4993514915693904,-0.49919890135042344,7.6295109483481838e-05,1.0157167925535973,-7.6295109483481838e-05,-1.0157167925535977,7.6295109483481838e-05,-0.50789654383154037,-1.0157167925535977,0.49797817959868773,7.6295109483481838e-05,0.4993514915693904,-0.49797817959868773,-1.0157167925535977,-0.49797817959868773,-0.46868085755703071,0.49919890135042344,0.031250476844434272,8.6616721426046155,0,0.021642825063684694,0,1
111,0,0,0,0,0,0,1,1,0,0,0,0,0,0,0,0,0,1,1,1,1,1,1,1,1,1,1,1,1,1,1,0,1,0,0,0,1,1,0,0,1,1,0,0,0,1,1,1,0,1,1,1,0,0,1,1,0,0,1,1,0,1,1,0,0,1,1,1,0,0,1,1,0,0,1,1,1,0,0,1,1,0,0,0,0,0,0,0,0,0,0,0,0,0,0,1,1,0,0,1,1,0,1,0,0,0,0,0,0,0,0,0,0,1,1,1,1,1,1,1,1,1,1,1,1,1,1,0,0,1,1,0,0,1,0,1,1,1,1,1,1,1,1,1,1,0,0,0,0,0,0,0,0,0,0,0,0,0,0,0,0,1,1,1,0,0,1,0,1,1,1,1,1,1,1,1,0,1,1,0,0,1,0,1,1,1,1,1,1,1,1,1,1,0,0,0,1,1,0,0,1,0,1,1,1,1,1,1,1,0,0,0,0,0,0,0,0,0,0,0,0,0,0,0,1,0,0,0,1,1,0,0,1,1,0,0,1,0,0,0,0,1,1,1,0,0,1,1,0,1,0,0,0,0,0,0,0,1,1,0,0,1,0,1,1,1,1,1,1,1,1,1,0,1,1,1,0,0,1,1,0,1,0,0,0,0,0,0,0,1,1,1,0,1,0,0,0,0,0,0,0,0,0,0,1,0,0,0,1,1,0,0,1,1,0,0,0,1,1,1,0.011718928816662852,-0.00022888532845044551,0.49919890135042344,-0.49950408178835737,-0.49904631113145648,0.00022888532845044551,1.0157167925535973,-0.00022888532845044551,-1.0157167925535977,7.6295109483481838e-05,-0.50789654383154037,-1.0157167925535977,0.49797817959868773,7.6295109483481838e-05,0.4993514915693904,-0.49797817959868773,-1.0157167925535977,-0.49797817959868773,-0.46868085755703071,0.49919890135042344,0.011718928816662852,8.8696936960448074,0,0.021357311881941024,0,1
112,0,0,0,0,0,0,0,0,1,0,0,1,0,0,0,0,0,1,1,1,1,1,1,1,1,1,1,1,1,1,1,0,1,0,0,0,1,1,0,0,1,1,0,0,1,1,0,1,0,1,1,1,0,0,1,1,0,0,1,1,0,1,1,0,0,1,1,1,0,0,1,1,0,0,1,1,1,0,0,0,1,0,0,0,0,0,0,0,0,0,0,0,0,0,0,0,1,0,0,1,1,0,1,0,0,0,0,0,0,0,0,0,0,1,1,1,1,1,1,1,1,1,1,1,1,1,1,0,0,1,1,0,0,1,0,1,1,1,1,1,1,1,1,1,1,0,0,0,0,0,0,0,0,0,0,0,0,0,0,0,0,1,1,1,0,0,1,0,1,1,1,1,1,1,1,1,0,1,1,0,0,1,0,1,1,1,1,1,1,1,1,1,1,0,0,0,1,1,0,0,1,0,1,1,1,1,1,1,1,0,0,0,0,0,0,0,0,0,0,0,0,0,0,0,1,0,0,0,1,1,0,0,1,1,0,0,1,0,1,0,0,1,1,1,0,0,1,1,0,1,0,0,0,0,0,0,0,1,1,0,0,1,0,1,1,1,1,1,1,1,1,1,0,1,1,1,0,0,1,1,0,1,0,0,0,0,0,0,0,1,1,1,0,1,0,0,0,0,0,0,0,0,0,0,1,0,0,0,1,1,0,0,1,1,0,0,0,1,1,1,0.0021972991531242847,-0.00022888532845044551,0.50011444266422522,-0.49950408178835737,-0.49919890135042344,7.6295109483481838e-05,1.0157167925535973,-0.00022888532845044551,-1.0157167925535977,7.6295109483481838e-05,-0.50789654383154037,-1.0157167925535977,0.49797817959868773,7.6295109483481838e-05,0.49965667200732433,-0.49797817959868773,-1.0157167925535977,-0.49797817959868773,-0.46868085755703071,0.49919890135042344,0.0021972991531242847,9.056229715366154,0,0.021129195638952745,0,1
113,0,0,1,0,0,0,0,0,0,0,0,0,0,0,0,0,0,1,1,1,1,1,1,1,1,1,1,1,1,1,1,0,1,0,0,0,1,1,0,0,1,1,0,0,1,0,0,1,0,1,1,1,0,0,1,1,0,0,1,1,0,1,1,0,0,1,1,1,0,0,1,1,0,0,1,1,1,0,0,0,1,0,0,0,0,0,0,0,0,0,0,0,0,0,0,0,1,0,0,1,1,0,1,0,0,0,0,0,0,0,0,0,0,1,1,1,1,1,1,1,1,1,1,1,1,1,1,1,0,1,1,0,0,1,0,1,1,1,1,1,1,1,1,1,1,0,0,0,0,0,0,0,0,0,0,0,0,0,0,0,0,1,1,1,0,0,1,0,1,1,1,1,1,1,1,1,0,1,1,0,0,1,0,1,1,1,1,1,1,1,1,1,1,0,0,0,1,1,0,0,1,0,1,1,1,1,1,1,1,0,0,0,0,0,0,0,0,0,0,1,0,0,0,0,1,0,0,0,1,1,0,0,1,1,0,0,1,0,0,0,0,1,1,1,0,0,1,1,0,1,0,0,0,0,0,0,0,1,1,0,0,1,0,1,1,1,1,1,1,1,1,1,0,1,1,1,0,0,1,1,0,1,0,0,0,0,0,0,0,1,1,1,0,1,0,0,0,0,0,0,0,0,0,0,1,0,0,0,1,1,0,0,1,1,0,0,0,1,1,1,0.12500190737773709,-0.00022888532845044551,0.49950408178835737,-0.49950408178835737,-0.49919890135042344,7.6295109483481838e-05,1.0157167925535973,-7.6295109483481838e-05,-1.0157167925535977,7.6295109483481838e-05,-0.50789654383154037,-1.0157167925535977,0.49797817959868773,0.0025177386129549006,0.4993514915693904,-0.49797817959868773,-1.0157167925535977,-0.49797817959868773,-0.46868085755703071,0.49919890135042344,0.12500190737773709,8.1303184979224721,0,0.021080119865833372,0,1
114,0,1,1,1,0,1,0,0,1,0,0,0,1,0,0,0,0,1,1,1,1,1,1,1,1,1,1,1,1,0,1,0,1,0,0,0,1,1,0,0,1,1,0,0,1,0,0,1,0,1,1,1,0,0,1,1,0,0,1,1,0,1,1,0,0,1,1,1,0,0,1,1,0,0,1,1,1,0,1,0,1,0,0,0,0,0,0,0,0,0,0,0,0,0,0,0,1,0,0,1,1,0,1,0,0,0,0,0,0,0,0,0,0,1,1,1,1,1,1,1,1,1,1,1,1,1,1,1,0,1,1,0,0,1,0,1,1,1,1,1,1,1,1,1,1,0,0,0,0,0,0,0,0,0,0,0,0,0,0,0,0,1,1,1,0,0,1,0,1,1,1,1,1,1,1,1,0,1,1,0,0,1,0,1,1,1,1,1,1,1,1,1,1,0,0,0,1,1,0,0,1,0,1,1,1,1,1,1,1,0,0,0,0,0,0,0,0,0,0,0,0,0,0,0,1,0,0,0,1,1,0,0,1,1,0,0,1,0,0,0,0,1,1,1,0,0,1,1,0,1,0,0,0,0,0,0,0,1,1,0,0,1,0,1,1,1,1,1,1,1,1,1,0,1,1,1,0,0,1,1,0,1,0,0,0,0,0,0,0,1,1,1,0,1,0,0,0,0,0,0,0,0,0,0,1,0,0,0,1,1,0,0,1,1,0,0,0,1,1,1,0.45520714122224765,-0.00083924620431830022,0.49950408178835737,-0.49950408178835737,-0.49889372091248951,7.6295109483481838e-05,1.0157167925535973,-7.6295109483481838e-05,-1.0157167925535977,7.6295109483481838e-05,-0.50789654383154037,-1.0157167925535977,0.49797817959868773,7.6295109483481838e-05,0.4993514915693904,-0.49797817959868773,-1.0157167925535977,-0.49797817959868773,-0.46868085755703071,0.49919890135042344,0.45520714122224765,7.1522639468013161,0,0.02095427103442728,0,1
115,0,0,0,0,0,0,1,0,0,1,1,0,0,0,0,0,0,1,1,1,1,1,1,1,1,1,1,1,1,1,1,0,1,0,0,0,1,1,0,0,1,1,0,0,1,0,0,0,0,1,1,1,0,0,1,1,0,0,1,1,0,1,1,0,0,1,1,1,0,0,1,1,0,0,1,1,1,0,0,0,1,0,0,0,0,0,0,0,0,0,0,0,0,0,0,0,1,0,0,1,1,0,1,0,0,0,0,0,0,0,0,0,0,1,1,1,1,1,1,1,1,1,1,1,1,0,1,1,0,1,1,0,0,1,0,1,1,1,1,1,1,1,1,1,1,0,0,0,0,0,0,0,0,0,0,0,0,0,0,0,0,1,1,1,0,0,1,0,1,1,1,1,1,1,1,1,0,1,1,0,0,1,0,1,1,1,1,1,1,1,1,1,1,0,0,0,1,1,0,0,1,0,1,1,1,1,1,1,1,0,0,0,0,0,0,0,0,0,0,1,0,0,0,0,1,0,0,0,1,1,0,0,1,1,0,0,1,0,0,0,0,1,1,1,0,0,1,1,0,1,0,0,0,0,0,0,0,1,1,0,0,1,0,1,1,1,1,1,1,1,1,1,0,1,1,1,0,0,1,1,0,1,0,0,0,0,0,0,0,1,1,1,0,1,0,0,0,0,0,0,0,0,0,0,1,0,0,0,1,1,0,0,1,1,0,1,0,1,1,1,0.0092774853131914244,-0.00022888532845044551,0.4993514915693904,-0.49950408178835737,-0.49919890135042344,7.6295109483481838e-05,1.0157167925535973,-0.00068665598535133654,-1.0157167925535977,7.6295109483481838e-05,-0.50789654383154037,-1.0157167925535977,0.49797817959868773,0.0025177386129549006,0.4993514915693904,-0.49797817959868773,-1.0157167925535977,-0.49797817959868773,-0.46868085755703071,0.50164034485389486,0.0092774853131914244,8.9150217309872506,0,0.020661076411489478,0,1
116,0,0,0,1,1,0,1,0,0,1,1,0,0,0,0,0,0,1,1,1,1,1,1,1,1,1,1,1,1,1,1,0,1,0,0,0,1,1,0,0,1,1,0,0,1,0,1,0,0,1,1,1,0,0,1,1,0,0,1,1,0,1,1,0,0,1,1,1,0,0,1,1,0,0,1,1,1,0,0,0,1,0,0,0,0,0,0,0,0,0,0,0,0,0,0,1,1,0,0,1,1,0,1,0,0,0,0,0,0,0,0,0,0,1,1,1,1,1,1,1,1,1,1,1,1,1,1,1,0,1,1,0,0,1,0,1,1,1,1,1,1,1,1,1,1,0,0,0,0,0,0,0,0,0,0,0,0,0,0,0,0,1,1,1,0,0,1,0,1,1,1,1,1,1,1,1,0,1,1,0,0,1,0,1,1,1,1,1,1,1,1,1,1,0,0,0,1,1,0,0,1,0,1,1,1,1,1,1,1,0,0,0,0,0,0,0,0,0,0,0,0,0,0,0,1,0,0,0,1,1,0,0,1,1,0,0,1,0,0,0,0,1,1,1,0,0,1,1,0,1,0,0,0,0,0,0,0,1,1,0,0,1,0,1,1,1,1,1,1,1,1,1,0,1,1,1,0,0,1,1,0,1,0,0,0,0,0,0,0,1,1,1,0,1,0,0,0,0,0,0,0,0,0,0,1,0,0,0,1,1,0,0,1,1,0,0,0,1,1,1,0.10302891584649423,-0.00022888532845044551,0.49965667200732433,-0.49950408178835737,-0.49919890135042344,0.00022888532845044551,1.0157167925535973,-7.6295109483481838e-05,-1.0157167925535977,7.6295109483481838e-05,-0.50789654383154037,-1.0157167925535977,0.49797817959868773,7.6295109483481838e-05,0.4993514915693904,-0.49797817959868773,-1.0157167925535977,-0.49797817959868773,-0.46868085755703071,0.49919890135042344,0.10302891584649423,8.2244805252065731,0,0.019718480800833056,0,1
117,0,1,1,1,0,0,0,1,0,1,0,0,0,0,1,0,0,1,1,1,1,1,1,1,1,1,1,1,1,0,1,0,1,0,0,0,1,1,0,0,1,1,0,0,0,1,1,0,0,1,1,1,0,0,1,1,0,0,1,1,0,1,0,1,0,1,1,1,0,0,1,1,0,0,1,1,1,0,0,0,1,0,0,0,0,0,0,0,0,0,0,0,0,0,1,0,1,0,0,1,1,0,1,0,0,0,0,0,0,0,0,0,0,1,1,1,1,1,1,1,1,1,1,1,1,0,1,1,0,1,1,0,0,1,0,1,1,1,1,1,1,1,1,1,1,0,0,0,0,0,0,0,0,0,0,0,0,0,0,0,0,1,1,1,0,0,1,0,1,1,1,1,1,0,1,1,0,1,1,0,0,1,0,1,1,1,1,1,1,1,1,1,1,0,0,0,1,1,0,0,1,0,1,1,1,1,1,1,1,0,0,0,0,0,0,0,0,0,0,0,0,0,0,0,1,0,0,0,1,1,0,0,1,1,0,0,1,0,0,0,0,1,1,1,0,0,1,1,0,1,0,0,0,0,0,0,0,1,1,0,0,1,0,1,1,1,1,1,1,1,1,1,0,1,1,1,0,0,1,1,0,1,0,0,0,0,0,0,0,1,1,1,0,1,0,0,0,0,0,0,0,0,0,0,1,0,0,0,1,1,0,0,1,1,0,0,0,1,1,1,0.44242008087281604,-0.00083924620431830022,0.49904631113145648,-0.49965667200732433,-0.49919890135042344,0.00038147554741740919,1.0157167925535973,-0.00068665598535133654,-1.0157167925535977,7.6295109483481838e-05,-0.50850690470740822,-1.0157167925535977,0.49797817959868773,7.6295109483481838e-05,0.4993514915693904,-0.49797817959868773,-1.0157167925535977,-0.49797817959868773,-0.46868085755703071,0.49919890135042344,0.44242008087281604,7.1891810376480123,0,0.019533684816312537,0,1
118,1,1,0,0,1,1,1,0,0,0,1,0,0,1,0,1,0,1,1,1,1,1,1,1,1,1,1,1,1,1,0,0,1,0,0,0,1,1,0,0,1,1,0,0,0,1,1,0,0,1,1,1,0,0,1,1,0,0,1,1,0,1,1,0,0,1,1,1,0,0,1,1,0,0,1,1,1,0,0,1,1,0,0,0,0,0,0,0,0,0,0,0,0,0,0,0,1,0,0,1,1,0,1,0,0,0,0,0,0,0,0,0,0,1,1,1,1,1,1,1,1,1,1,1,1,1,1,1,0,1,1,0,0,1,0,1,1,1,1,1,1,1,1,1,1,0,0,0,0,0,0,0,0,0,0,0,0,0,0,0,0,1,1,1,0,0,1,0,1,1,1,1,1,1,1,1,0,1,1,0,0,1,0,1,1,1,1,1,1,1,1,0,1,0,0,0,1,1,0,0,1,0,1,1,1,1,1,1,1,0,0,0,0,0,0,0,0,0,0,0,0,0,0,0,1,0,0,0,1,1,0,0,1,1,0,0,1,0,0,0,0,1,1,1,0,0,1,1,0,1,0,0,0,0,0,0,0,1,1,0,0,1,0,1,1,1,1,1,1,1,1,1,0,1,1,1,0,0,1,1,0,1,0,0,0,0,0,0,0,1,1,1,0,1,0,0,0,0,0,0,0,0,0,0,1,0,0,0,1,1,0,0,1,1,0,0,0,1,1,1,0.80526436255436029,-0.00053406576638437286,0.49904631113145648,-0.49950408178835737,-0.49904631113145648,7.6295109483481838e-05,1.0157167925535973,-7.6295109483481838e-05,-1.0157167925535977,7.6295109483481838e-05,-0.50789654383154037,-1.0158693827725647,0.49797817959868773,7.6295109483481838e-05,0.4993514915693904,-0.49797817959868773,-1.0157167925535977,-0.49797817959868773,-0.46868085755703071,0.49919890135042344,0.80526436255436029,6.4800897913814204,0,0.01858524586230496,0,1
119,0,0,0,0,0,1,1,0,1,1,0,1,0,0,0,0,0,1,1,1,1,1,1,1,1,1,1,1,1,0,1,1,1,0,0,0,1,1,0,0,1,1,0,0,0,1,1,0,0,1,1,1,0,0,1,1,0,0,1,1,0,1,1,0,0,1,1,1,0,0,1,1,0,0,1,1,1,0,0,0,1,0,0,0,0,0,0,0,0,0,0,0,0,0,0,0,1,0,0,1,1,0,1,0,0,0,0,0,0,0,0,0,0,1,1,1,1,1,1,1,1,1,1,1,1,1,1,1,0,1,1,0,0,1,0,1,1,1,1,1,1,1,1,1,1,0,0,0,0,0,0,0,0,0,0,0,0,0,0,0,0,1,1,1,0,0,1,0,1,1,1,1,1,1,1,1,0,1,1,0,0,1,0,1,1,1,1,1,1,1,1,1,1,0,0,0,1,1,0,0,1,0,1,1,1,1,1,1,1,0,0,0,0,0,0,0,0,0,0,0,0,0,0,0,1,0,0,0,1,1,0,0,1,1,0,0,1,0,0,0,0,1,1,1,0,0,1,1,0,1,0,0,0,0,0,0,0,1,1,0,0,1,0,1,1,1,1,1,1,1,1,1,0,1,1,1,0,0,1,1,0,1,0,0,0,0,0,0,0,1,1,1,0,1,0,0,0,0,0,0,0,0,0,0,1,0,0,0,1,1,0,0,1,1,0,0,0,1,1,1,0.026611734187838559,-0.00068665598535133654,0.49904631113145648,-0.49950408178835737,-0.49919890135042344,7.6295109483481838e-05,1.0157167925535973,-7.6295109483481838e-05,-1.0157167925535977,7.6295109483481838e-05,-0.50789654383154037,-1.0157167925535977,0.49797817959868773,7.6295109483481838e-05,0.4993514915693904,-0.49797817959868773,-1.0157167925535977,-0.49797817959868773,-0.46868085755703071,0.49919890135042344,0.026611734187838559,8.703512200142594,0,0.018462007838336028,0,1

